0 1356
1 2068
2 1793
3 1765
4 5
5 884
6 2254
7 434
8 638
9 2074
10 2125
11 2169
12 1379
13 2270
14 839
15 2437
16 869
17 2121
18 1770
19 2778
20 2732
21 854
22 440
23 2043
24 1277
25 207
26 66
27 2486
28 2116
29 294
30 170
31 2048
32 2630
33 2282
34 1223
35 576
36 2678
37 1069
38 1809
39 1130
40 1603
41 834
42 1367
43 2108
44 2012
45 2025
46 1309
47 1449
48 1436
49 2623
50 1682
51 1148
52 1776
53 403
54 2539
55 1735
56 2641
57 340
58 1773
59 1578
60 2084
61 2292
62 2596
63 2340
64 280
65 2321
66 860
67 2225
68 1644
69 1927
70 508
71 1156
72 379
73 1705
74 786
75 3
76 1333
77 2555
78 389
79 2256
80 1031
81 100
82 2700
83 955
84 2517
85 2404
86 2360
87 2206
88 2621
89 885
90 2408
91 2272
92 1357
93 1829
94 2610
95 1139
96 1342
97 2683
98 507
99 142
100 1660
101 333
102 1640
103 799
104 57
105 2390
106 863
107 1911
108 1994
109 1845
110 1539
111 2432
112 2162
113 1362
114 1006
115 1120
116 862
117 297
118 541
119 1912
120 2645
121 1923
122 1598
123 2412
124 473
125 1003
126 1190
127 169
128 956
129 1960
130 597
131 2072
132 2522
133 2510
134 1089
135 855
136 624
137 2264
138 245
139 1931
140 1237
141 513
142 516
143 439
144 415
145 86
146 1196
147 1119
148 311
149 85
150 792
151 1674
152 1485
153 789
154 128
155 1186
156 1268
157 109
158 670
159 819
160 2052
161 953
162 468
163 495
164 2450
165 98
166 1406
167 1128
168 1202
169 1446
170 1396
171 1643
172 1711
173 15
174 381
175 2502
176 2583
177 808
178 1408
179 1812
180 1980
181 912
182 779
183 2056
184 186
185 2810
186 1416
187 2187
188 2768
189 449
190 1984
191 2764
192 911
193 2655
194 454
195 418
196 509
197 832
198 1717
199 2088
200 2145
201 574
202 1614
203 796
204 967
205 425
206 1249
207 1053
208 2706
209 1048
210 256
211 2422
212 1772
213 330
214 932
215 1081
216 2156
217 2540
218 677
219 1888
220 1501
221 1973
222 773
223 157
224 250
225 645
226 997
227 1543
228 220
229 2280
230 130
231 396
232 547
233 1744
234 1701
235 355
236 1615
237 757
238 1375
239 651
240 907
241 1532
242 1609
243 39
244 25
245 2646
246 1716
247 2363
248 1491
249 172
250 129
251 888
252 939
253 227
254 1045
255 2320
256 222
257 64
258 287
259 1827
260 916
261 99
262 2428
263 1617
264 2774
265 182
266 809
267 2301
268 9
269 267
270 807
271 2702
272 644
273 979
274 2277
275 2544
276 2754
277 1684
278 764
279 2665
280 480
281 1560
282 1784
283 1199
284 2207
285 2488
286 223
287 780
288 214
289 1777
290 1091
291 338
292 1298
293 1013
294 1027
295 2141
296 1544
297 1679
298 1273
299 2580
300 1971
301 762
302 1778
303 1024
304 1443
305 436
306 2523
307 2296
308 166
309 715
310 2067
311 1553
312 498
313 1981
314 1179
315 2142
316 1737
317 524
318 2085
319 113
320 163
321 1433
322 1647
323 2248
324 276
325 278
326 2093
327 325
328 1127
329 821
330 361
331 322
332 1103
333 1200
334 887
335 2089
336 2189
337 1442
338 1820
339 321
340 2719
341 965
342 1204
343 2092
344 865
345 1880
346 935
347 1902
348 1004
349 2010
350 2784
351 281
352 2395
353 1968
354 1372
355 501
356 2135
357 1946
358 1502
359 2552
360 1297
361 400
362 1437
363 482
364 2452
365 2032
366 421
367 1209
368 1320
369 1633
370 2529
371 1222
372 891
373 266
374 82
375 615
376 2246
377 892
378 483
379 2250
380 1134
381 2604
382 2368
383 1174
384 395
385 681
386 117
387 590
388 1749
389 2553
390 2751
391 2204
392 2367
393 2457
394 208
395 1769
396 2029
397 1456
398 1822
399 314
400 1310
401 1039
402 1272
403 2588
404 1689
405 1346
406 972
407 1676
408 1421
409 1305
410 1638
411 1242
412 1849
413 1642
414 2063
415 810
416 260
417 625
418 1803
419 2306
420 18
421 1105
422 1884
423 496
424 313
425 323
426 1236
427 899
428 2482
429 2500
430 971
431 2593
432 2291
433 2271
434 2283
435 2342
436 1257
437 665
438 2456
439 1577
440 187
441 1324
442 1930
443 787
444 2100
445 1996
446 1110
447 2729
448 2454
449 1163
450 2383
451 2742
452 1287
453 2050
454 1937
455 1917
456 1522
457 2358
458 1009
459 206
460 2337
461 2259
462 2725
463 2615
464 2803
465 556
466 1403
467 368
468 1962
469 1989
470 2564
471 693
472 2619
473 731
474 2027
475 2263
476 868
477 2424
478 2570
479 2755
480 1663
481 1870
482 1775
483 1975
484 2216
485 452
486 2229
487 1693
488 1662
489 2802
490 1062
491 1639
492 2299
493 302
494 2594
495 2716
496 515
497 1940
498 1976
499 682
500 2178
501 2463
502 2811
503 143
504 450
505 1044
506 1768
507 606
508 362
509 589
510 2146
511 160
512 1991
513 1133
514 289
515 785
516 2221
517 2538
518 232
519 1016
520 765
521 2224
522 114
523 1025
524 525
525 165
526 2104
527 49
528 503
529 2007
530 393
531 1729
532 277
533 95
534 1806
535 2127
536 890
537 2435
538 1471
539 2597
540 137
541 692
542 414
543 1070
544 581
545 856
546 216
547 1901
548 994
549 871
550 730
551 989
552 2297
553 1466
554 1905
555 1283
556 2487
557 1885
558 453
559 1529
560 851
561 1486
562 828
563 159
564 307
565 420
566 724
567 1831
568 883
569 2453
570 456
571 604
572 986
573 2294
574 2723
575 657
576 38
577 710
578 2760
579 198
580 2707
581 1756
582 1123
583 489
584 1525
585 897
586 1889
587 563
588 1667
589 2078
590 377
591 248
592 1389
593 968
594 1296
595 376
596 684
597 380
598 2666
599 1210
600 1439
601 2407
602 2701
603 272
604 1032
605 596
606 642
607 711
608 2533
609 750
610 2476
611 2695
612 2333
613 2471
614 1661
615 229
616 2252
617 2427
618 1992
619 2477
620 820
621 752
622 2364
623 1824
624 122
625 497
626 2239
627 1255
628 1634
629 2402
630 2111
631 978
632 90
633 2245
634 1359
635 984
636 2682
637 1850
638 1145
639 1464
640 1567
641 2440
642 58
643 1347
644 427
645 1583
646 93
647 2389
648 84
649 2247
650 876
651 1581
652 1900
653 1506
654 2130
655 1282
656 2686
657 1552
658 1291
659 2469
660 991
661 2002
662 1499
663 2497
664 209
665 218
666 2096
667 2726
668 2384
669 2163
670 1726
671 1005
672 1458
673 795
674 1239
675 2602
676 1077
677 1649
678 1465
679 270
680 1281
681 2171
682 423
683 1168
684 1051
685 407
686 2016
687 2786
688 2788
689 2149
690 2733
691 1064
692 924
693 1243
694 1364
695 1050
696 510
697 1978
698 2371
699 401
700 2026
701 2060
702 2468
703 2369
704 1963
705 2057
706 2036
707 2727
708 1422
709 188
710 1534
711 2537
712 2382
713 985
714 740
715 2521
716 1144
717 2378
718 1276
719 298
720 1323
721 1517
722 776
723 1425
724 1613
725 1785
726 2658
727 33
728 1059
729 2780
730 2434
731 844
732 1687
733 1668
734 1747
735 1348
736 2353
737 759
738 2631
739 1017
740 1635
741 1101
742 621
743 2391
744 1738
745 2781
746 1795
747 451
748 603
749 908
750 957
751 16
752 1254
753 1171
754 1559
755 1214
756 2736
757 2030
758 2044
759 203
760 1571
761 751
762 1055
763 2651
764 602
765 2561
766 183
767 274
768 1854
769 1515
770 1284
771 1844
772 2323
773 150
774 1303
775 805
776 2095
777 2649
778 2159
779 573
780 845
781 1657
782 733
783 2425
784 2633
785 31
786 1029
787 2059
788 2495
789 1431
790 1240
791 886
792 1038
793 1429
794 1977
795 1151
796 1883
797 980
798 1997
799 1861
800 1945
801 1681
802 941
803 2489
804 1914
805 2123
806 210
807 1999
808 168
809 570
810 1136
811 1788
812 2120
813 2624
814 1036
815 2595
816 139
817 167
818 1825
819 262
820 252
821 1697
822 2761
823 1082
824 560
825 1908
826 913
827 243
828 1378
829 2730
830 1954
831 406
832 237
833 775
834 148
835 664
836 2801
837 1361
838 2070
839 1728
840 2515
841 853
842 974
843 747
844 2728
845 2507
846 2492
847 822
848 636
849 1694
850 10
851 1624
852 1019
853 194
854 1193
855 2186
856 2605
857 116
858 1828
859 2013
860 1040
861 1185
862 52
863 650
864 1734
865 1472
866 1623
867 74
868 140
869 1742
870 914
871 2330
872 1919
873 620
874 1337
875 631
876 181
877 1545
878 878
879 2235
880 2426
881 2667
882 1391
883 1557
884 2132
885 2417
886 1519
887 246
888 1000
889 202
890 1267
891 1500
892 195
893 329
894 2775
895 1967
896 1360
897 179
898 1894
899 635
900 1546
901 1269
902 1789
903 1731
904 2771
905 701
906 177
907 1042
908 1595
909 1492
910 2090
911 2209
912 2532
913 2165
914 1934
915 2637
916 1341
917 2191
918 352
919 1698
920 735
921 37
922 492
923 438
924 154
925 374
926 1329
927 1300
928 2099
929 1184
930 1671
931 640
932 351
933 691
934 2799
935 2352
936 1538
937 2034
938 2399
939 1480
940 2119
941 1374
942 1377
943 255
944 2519
945 1035
946 2679
947 132
948 2573
949 240
950 1147
951 1235
952 1292
953 48
954 1683
955 19
956 1791
957 1476
958 1651
959 1708
960 2021
961 946
962 1878
963 833
964 2770
965 457
966 1860
967 345
968 1294
969 964
970 261
971 1732
972 2212
973 1926
974 1961
975 2644
976 2779
977 2490
978 2634
979 2704
980 1118
981 2738
982 265
983 1670
984 2398
985 1271
986 1801
987 2772
988 391
989 1798
990 1479
991 2238
992 861
993 2550
994 662
995 458
996 1887
997 2276
998 995
999 2498
1000 499
1001 659
1002 634
1003 1233
1004 2152
1005 815
1006 2419
1007 700
1008 11
1009 1285
1010 2608
1011 902
1012 2797
1013 2222
1014 1607
1015 2038
1016 1067
1017 2491
1018 837
1019 553
1020 2411
1021 542
1022 1159
1023 2001
1024 13
1025 225
1026 422
1027 1319
1028 2762
1029 2214
1030 1585
1031 1280
1032 674
1033 1420
1034 1755
1035 32
1036 784
1037 652
1038 364
1039 1405
1040 1652
1041 398
1042 2232
1043 2265
1044 404
1045 350
1046 2309
1047 123
1048 1939
1049 431
1050 1964
1051 1523
1052 1573
1053 1805
1054 2442
1055 96
1056 594
1057 235
1058 726
1059 1527
1060 2721
1061 1306
1062 2792
1063 1316
1064 60
1065 1740
1066 520
1067 1208
1068 746
1069 734
1070 40
1071 2000
1072 1198
1073 2288
1074 2160
1075 455
1076 1228
1077 1460
1078 1563
1079 185
1080 1400
1081 1220
1082 2656
1083 2017
1084 727
1085 1170
1086 2478
1087 1761
1088 2192
1089 575
1090 2379
1091 2752
1092 12
1093 686
1094 1092
1095 1811
1096 283
1097 1157
1098 788
1099 6
1100 1312
1101 2143
1102 2308
1103 1498
1104 1219
1105 384
1106 238
1107 2101
1108 2311
1109 2466
1110 236
1111 2097
1112 2335
1113 1203
1114 2164
1115 1794
1116 656
1117 30
1118 213
1119 2675
1120 1279
1121 2370
1122 1589
1123 1086
1124 2331
1125 2705
1126 931
1127 1650
1128 2114
1129 1703
1130 2018
1131 925
1132 697
1133 579
1134 72
1135 1509
1136 2421
1137 2131
1138 1469
1139 2773
1140 1001
1141 363
1142 1750
1143 1085
1144 47
1145 2319
1146 2058
1147 2418
1148 2242
1149 2494
1150 2474
1151 1289
1152 2673
1153 1252
1154 2758
1155 1867
1156 2262
1157 610
1158 1869
1159 1505
1160 119
1161 2005
1162 1477
1163 27
1164 2670
1165 811
1166 2061
1167 849
1168 2357
1169 2251
1170 928
1171 1987
1172 2009
1173 973
1174 1899
1175 2261
1176 106
1177 1041
1178 929
1179 54
1180 115
1181 1556
1182 2341
1183 1753
1184 987
1185 2795
1186 271
1187 2694
1188 1432
1189 1821
1190 347
1191 557
1192 408
1193 1584
1194 2344
1195 424
1196 551
1197 2558
1198 2776
1199 1621
1200 857
1201 1965
1202 2343
1203 2314
1204 685
1205 385
1206 371
1207 428
1208 134
1209 676
1210 2373
1211 823
1212 791
1213 1143
1214 2183
1215 2184
1216 1245
1217 2190
1218 2066
1219 1332
1220 2327
1221 4
1222 382
1223 1533
1224 1873
1225 766
1226 522
1227 416
1228 1591
1229 1028
1230 1622
1231 2431
1232 831
1233 2441
1234 462
1235 2076
1236 2177
1237 1011
1238 1197
1239 1952
1240 1142
1241 1786
1242 51
1243 2316
1244 2062
1245 1569
1246 2082
1247 360
1248 1754
1249 2170
1250 1890
1251 895
1252 2137
1253 1813
1254 1234
1255 1150
1256 2514
1257 1173
1258 940
1259 1846
1260 643
1261 2475
1262 1440
1263 2298
1264 2202
1265 2023
1266 2430
1267 545
1268 2201
1269 517
1270 69
1271 1493
1272 1503
1273 2737
1274 312
1275 623
1276 1833
1277 378
1278 2040
1279 1924
1280 2300
1281 722
1282 947
1283 2759
1284 1330
1285 2589
1286 2423
1287 369
1288 1424
1289 320
1290 2496
1291 858
1292 920
1293 2458
1294 2501
1295 970
1296 996
1297 43
1298 2041
1299 1033
1300 221
1301 598
1302 2366
1303 1804
1304 2020
1305 366
1306 918
1307 367
1308 915
1309 2525
1310 1630
1311 370
1312 175
1313 1826
1314 2659
1315 719
1316 2429
1317 951
1318 794
1319 2258
1320 151
1321 2210
1322 138
1323 2696
1324 2198
1325 1313
1326 2709
1327 1052
1328 1226
1329 1435
1330 301
1331 1951
1332 1390
1333 903
1334 1715
1335 1451
1336 1195
1337 2660
1338 1343
1339 926
1340 2313
1341 2504
1342 191
1343 2541
1344 1565
1345 341
1346 56
1347 1874
1348 2008
1349 2080
1350 465
1351 975
1352 2657
1353 1301
1354 2699
1355 2713
1356 1020
1357 2571
1358 46
1359 1489
1360 1688
1361 1655
1362 2354
1363 1221
1364 1002
1365 2531
1366 197
1367 879
1368 215
1369 36
1370 1588
1371 239
1372 1426
1373 1162
1374 1504
1375 1947
1376 358
1377 2793
1378 211
1379 2401
1380 2464
1381 1095
1382 543
1383 506
1384 583
1385 2266
1386 933
1387 68
1388 2075
1389 259
1390 760
1391 2346
1392 2791
1393 530
1394 1549
1395 1938
1396 2505
1397 2503
1398 268
1399 1026
1400 471
1401 2718
1402 1401
1403 174
1404 1015
1405 411
1406 1659
1407 1201
1408 1345
1409 335
1410 1075
1411 2767
1412 678
1413 2739
1414 2613
1415 279
1416 1227
1417 1619
1418 1463
1419 1895
1420 2420
1421 231
1422 1382
1423 992
1424 464
1425 478
1426 121
1427 375
1428 977
1429 2582
1430 2601
1431 1530
1432 877
1433 20
1434 793
1435 392
1436 2213
1437 1814
1438 2526
1439 1334
1440 354
1441 1453
1442 2735
1443 679
1444 720
1445 696
1446 1909
1447 2438
1448 1328
1449 435
1450 2106
1451 310
1452 1834
1453 1481
1454 2808
1455 1010
1456 703
1457 1260
1458 1478
1459 774
1460 155
1461 295
1462 2166
1463 1891
1464 2654
1465 655
1466 273
1467 405
1468 2329
1469 1695
1470 1959
1471 2172
1472 532
1473 1836
1474 1141
1475 472
1476 1022
1477 687
1478 2722
1479 1741
1480 2557
1481 1078
1482 1441
1483 2661
1484 1057
1485 1138
1486 2551
1487 934
1488 2
1489 2569
1490 1262
1491 53
1492 448
1493 2195
1494 1071
1495 2668
1496 120
1497 2295
1498 2734
1499 242
1500 1074
1501 1942
1502 474
1503 2543
1504 7
1505 658
1506 2643
1507 1916
1508 1047
1509 1780
1510 1299
1511 2385
1512 2443
1513 1665
1514 1720
1515 2196
1516 1877
1517 2461
1518 1700
1519 1484
1520 943
1521 1528
1522 2051
1523 1482
1524 1132
1525 204
1526 1618
1527 2479
1528 1723
1529 1068
1530 1712
1531 1418
1532 1758
1533 1369
1534 2077
1535 339
1536 2174
1537 171
1538 1189
1539 1413
1540 2087
1541 1315
1542 2662
1543 1764
1544 1620
1545 2449
1546 305
1547 1993
1548 2653
1549 459
1550 71
1551 552
1552 628
1553 1395
1554 504
1555 661
1556 1590
1557 2129
1558 1587
1559 2635
1560 2031
1561 763
1562 2281
1563 2685
1564 2794
1565 1627
1566 898
1567 595
1568 2033
1569 2600
1570 131
1571 1370
1572 441
1573 2714
1574 2109
1575 2445
1576 2748
1577 1865
1578 1256
1579 519
1580 527
1581 1568
1582 783
1583 2053
1584 896
1585 1958
1586 2448
1587 233
1588 614
1589 135
1590 1381
1591 1311
1592 147
1593 308
1594 2083
1595 749
1596 2405
1597 529
1598 1680
1599 537
1600 2433
1601 2117
1602 2011
1603 1848
1604 2315
1605 1995
1606 304
1607 2568
1608 1008
1609 1397
1610 966
1611 1979
1612 1707
1613 568
1614 493
1615 2253
1616 490
1617 394
1618 660
1619 2249
1620 619
1621 1759
1622 588
1623 1207
1624 2409
1625 2415
1626 2745
1627 2473
1628 2542
1629 494
1630 103
1631 1286
1632 963
1633 343
1634 2763
1635 306
1636 2086
1637 437
1638 2376
1639 769
1640 1751
1641 608
1642 1929
1643 1986
1644 1669
1645 2545
1646 2798
1647 410
1648 2585
1649 253
1650 1736
1651 1935
1652 1843
1653 1592
1654 226
1655 2796
1656 1100
1657 593
1658 1536
1659 1604
1660 1966
1661 755
1662 2674
1663 2233
1664 921
1665 526
1666 1124
1667 1152
1668 0
1669 104
1670 2322
1671 1474
1672 923
1673 2069
1674 1488
1675 2205
1676 145
1677 2275
1678 2744
1679 2554
1680 2136
1681 2692
1682 189
1683 2381
1684 1454
1685 2639
1686 2717
1687 107
1688 2652
1689 1616
1690 1561
1691 2042
1692 1983
1693 257
1694 2612
1695 2334
1696 1318
1697 2273
1698 2606
1699 1230
1700 1457
1701 1384
1702 669
1703 2581
1704 1126
1705 2720
1706 219
1707 1335
1708 1704
1709 1079
1710 2287
1711 1531
1712 199
1713 1487
1714 1241
1715 1125
1716 2460
1717 653
1718 2787
1719 988
1720 432
1721 1762
1722 531
1723 1158
1724 2393
1725 309
1726 1112
1727 2079
1728 75
1729 2769
1730 1658
1731 2620
1732 1394
1733 2777
1734 2014
1735 318
1736 2305
1737 1641
1738 1087
1739 1135
1740 2073
1741 1696
1742 230
1743 1847
1744 611
1745 1815
1746 488
1747 1702
1748 2626
1749 969
1750 156
1751 768
1752 1099
1753 1410
1754 1014
1755 1169
1756 2197
1757 781
1758 2133
1759 1629
1760 1109
1761 716
1762 754
1763 2024
1764 1832
1765 2134
1766 2614
1767 1781
1768 1278
1769 2459
1770 200
1771 2208
1772 1830
1773 1551
1774 1351
1775 251
1776 44
1777 2687
1778 1852
1779 2302
1780 263
1781 467
1782 78
1783 2677
1784 413
1785 1224
1786 1672
1787 2403
1788 442
1789 1438
1790 1673
1791 1205
1792 618
1793 1263
1794 901
1795 1007
1796 2785
1797 587
1798 1371
1799 336
1800 1175
1801 1864
1802 2669
1803 2609
1804 1122
1805 1842
1806 704
1807 2045
1808 1266
1809 1417
1810 852
1811 1325
1812 558
1813 772
1814 2483
1815 2627
1816 2113
1817 1817
1818 1774
1819 1084
1820 1177
1821 2139
1822 1180
1823 981
1824 1782
1825 118
1826 2587
1827 353
1828 1115
1829 409
1830 2194
1831 332
1832 2753
1833 2022
1834 1841
1835 34
1836 827
1837 460
1838 683
1839 144
1840 617
1841 105
1842 1928
1843 2576
1844 2019
1845 1412
1846 2240
1847 2231
1848 1327
1849 2636
1850 909
1851 176
1852 2374
1853 1896
1854 249
1855 477
1856 673
1857 2757
1858 873
1859 2462
1860 1097
1861 2746
1862 1098
1863 2386
1864 582
1865 469
1866 2303
1867 2693
1868 383
1869 14
1870 566
1871 2200
1872 2215
1873 1452
1874 816
1875 680
1876 1675
1877 706
1878 1161
1879 937
1880 348
1881 1514
1882 893
1883 1104
1884 1837
1885 1507
1886 1913
1887 356
1888 1739
1889 2527
1890 1855
1891 372
1892 491
1893 1892
1894 1537
1895 1746
1896 1365
1897 1910
1898 1107
1899 1541
1900 900
1901 1602
1902 2380
1903 29
1904 1875
1905 938
1906 430
1907 2470
1908 1955
1909 1054
1910 2480
1911 672
1912 2805
1913 1915
1914 699
1915 1648
1916 45
1917 1450
1918 1858
1919 254
1920 1982
1921 476
1922 728
1923 881
1924 8
1925 1251
1926 2467
1927 1677
1928 2349
1929 180
1930 1339
1931 797
1932 630
1933 1853
1934 1407
1935 1393
1936 2112
1937 1238
1938 79
1939 688
1940 2563
1941 1656
1942 1111
1943 1562
1944 1564
1945 671
1946 1800
1947 2572
1948 1211
1949 2237
1950 1165
1951 1166
1952 1153
1953 2161
1954 1049
1955 1065
1956 212
1957 1192
1958 1690
1959 1428
1960 1851
1961 1380
1962 342
1963 388
1964 654
1965 717
1966 962
1967 1206
1968 373
1969 2355
1970 2528
1971 2223
1972 666
1973 1626
1974 485
1975 1404
1976 1933
1977 2611
1978 2591
1979 770
1980 2351
1981 2230
1982 736
1983 201
1984 2107
1985 1483
1986 2711
1987 293
1988 2387
1989 1018
1990 1872
1991 1459
1992 904
1993 748
1994 1096
1995 584
1996 2071
1997 514
1998 111
1999 1548
2000 1183
2001 2617
2002 2185
2003 1897
2004 2671
2005 1468
2006 705
2007 1076
2008 2536
2009 2663
2010 1012
2011 1108
2012 1936
2013 1521
2014 2244
2015 1317
2016 952
2017 67
2018 463
2019 1423
2020 2359
2021 1921
2022 930
2023 1265
2024 1628
2025 2154
2026 1941
2027 1692
2028 2672
2029 2236
2030 698
2031 1386
2032 533
2033 2179
2034 960
2035 2138
2036 1535
2037 2361
2038 2513
2039 998
2040 92
2041 1787
2042 22
2043 399
2044 2286
2045 702
2046 622
2047 2508
2048 1244
2049 196
2050 1415
2051 690
2052 2181
2053 1835
2054 802
2055 944
2056 1264
2057 42
2058 1217
2059 668
2060 2318
2061 2712
2062 1904
2063 1920
2064 1072
2065 1710
2066 838
2067 1612
2068 1779
2069 1547
2070 1518
2071 990
2072 1021
2073 2607
2074 2362
2075 534
2076 707
2077 2140
2078 1259
2079 948
2080 2336
2081 133
2082 1258
2083 127
2084 1797
2085 2081
2086 1114
2087 2151
2088 461
2089 613
2090 1882
2091 641
2092 1455
2093 875
2094 544
2095 2182
2096 1570
2097 1248
2098 758
2099 2690
2100 2004
2101 1757
2102 2006
2103 87
2104 1722
2105 1430
2106 2566
2107 1524
2108 1691
2109 1625
2110 76
2111 2800
2112 2345
2113 675
2114 1160
2115 2599
2116 258
2117 1043
2118 484
2119 826
2120 1137
2121 444
2122 2446
2123 1414
2124 487
2125 2804
2126 2199
2127 164
2128 2260
2129 2284
2130 1354
2131 663
2132 2003
2133 739
2134 2039
2135 2559
2136 712
2137 2484
2138 1392
2139 2175
2140 2268
2141 549
2142 91
2143 1943
2144 2556
2145 2524
2146 649
2147 2562
2148 319
2149 842
2150 2439
2151 1925
2152 936
2153 1218
2154 2592
2155 567
2156 50
2157 889
2158 689
2159 244
2160 1037
2161 959
2162 2243
2163 2444
2164 1445
2165 580
2166 1146
2167 217
2168 571
2169 2741
2170 2128
2171 2680
2172 824
2173 2289
2174 1574
2175 1331
2176 729
2177 2578
2178 627
2179 1932
2180 1799
2181 1383
2182 1350
2183 337
2184 592
2185 1520
2186 1866
2187 59
2188 65
2189 741
2190 1685
2191 1023
2192 1434
2193 2126
2194 1106
2195 178
2196 205
2197 1596
2198 945
2199 511
2200 535
2201 866
2202 790
2203 83
2204 2689
2205 732
2206 1686
2207 1664
2208 2193
2209 146
2210 28
2211 2616
2212 2049
2213 983
2214 475
2215 426
2216 1582
2217 300
2218 1212
2219 1610
2220 1796
2221 548
2222 2377
2223 843
2224 1250
2225 1094
2226 2290
2227 2684
2228 591
2229 2535
2230 976
2231 73
2232 419
2233 282
2234 1654
2235 2509
2236 894
2237 528
2238 328
2239 269
2240 1631
2241 1494
2242 637
2243 2241
2244 2650
2245 108
2246 224
2247 536
2248 565
2249 1632
2250 1275
2251 1893
2252 2167
2253 2217
2254 648
2255 850
2256 859
2257 777
2258 2176
2259 2455
2260 2622
2261 1646
2262 35
2263 1513
2264 829
2265 1490
2266 1606
2267 1713
2268 825
2269 2274
2270 141
2271 600
2272 1461
2273 2350
2274 1061
2275 2530
2276 950
2277 1886
2278 1340
2279 1600
2280 1944
2281 2269
2282 2493
2283 2312
2284 2307
2285 1149
2286 1957
2287 813
2288 190
2289 1090
2290 81
2291 2743
2292 2392
2293 136
2294 1409
2295 1743
2296 694
2297 1216
2298 2218
2299 585
2300 1373
2301 2806
2302 2632
2303 1903
2304 1810
2305 518
2306 609
2307 1131
2308 2703
2309 1881
2310 2697
2311 2328
2312 2766
2313 1608
2314 1121
2315 599
2316 874
2317 906
2318 2180
2319 569
2320 1678
2321 303
2322 954
2323 626
2324 2400
2325 2410
2326 1194
2327 2506
2328 1154
2329 1972
2330 846
2331 1388
2332 848
2333 2472
2334 745
2335 2396
2336 2465
2337 1802
2338 41
2339 2710
2340 1748
2341 2220
2342 1605
2343 2575
2344 2642
2345 2715
2346 616
2347 102
2348 1102
2349 2317
2350 1261
2351 882
2352 1510
2353 2219
2354 870
2355 2257
2356 982
2357 550
2358 2173
2359 1636
2360 841
2361 2203
2362 481
2363 1344
2364 2724
2365 2293
2366 77
2367 1792
2368 357
2369 412
2370 1336
2371 1879
2372 285
2373 2267
2374 1725
2375 2406
2376 714
2377 830
2378 1907
2379 386
2380 2188
2381 958
2382 2064
2383 800
2384 1554
2385 80
2386 153
2387 2574
2388 1724
2389 234
2390 864
2391 327
2392 1314
2393 1034
2394 88
2395 1338
2396 1949
2397 500
2398 2809
2399 1467
2400 835
2401 466
2402 2278
2403 538
2404 326
2405 721
2406 2035
2407 1496
2408 1953
2409 1495
2410 1526
2411 158
2412 1322
2413 917
2414 1181
2415 1411
2416 324
2417 577
2418 2681
2419 21
2420 1823
2421 1213
2422 2347
2423 2548
2424 2603
2425 2091
2426 1225
2427 247
2428 512
2429 2664
2430 1
2431 1113
2432 126
2433 387
2434 2227
2435 803
2436 2122
2437 2590
2438 390
2439 2579
2440 296
2441 1073
2442 2628
2443 2054
2444 2147
2445 2037
2446 554
2447 1302
2448 1427
2449 94
2450 2397
2451 241
2452 2211
2453 1767
2454 1862
2455 814
2456 1253
2457 1816
2458 1706
2459 2144
2460 317
2461 1368
2462 2812
2463 2499
2464 1580
2465 601
2466 1063
2467 1859
2468 867
2469 2255
2470 101
2471 2518
2472 1857
2473 1790
2474 97
2475 2046
2476 264
2477 486
2478 709
2479 26
2480 1358
2481 24
2482 1807
2483 2747
2484 847
2485 2750
2486 1398
2487 1876
2488 2226
2489 1470
2490 1178
2491 2586
2492 2731
2493 1516
2494 63
2495 910
2496 767
2497 2516
2498 1733
2499 112
2500 1117
2501 540
2502 55
2503 2546
2504 840
2505 1270
2506 2512
2507 2740
2508 2647
2509 880
2510 1730
2511 812
2512 2015
2513 1387
2514 228
2515 1721
2516 1727
2517 1164
2518 2782
2519 578
2520 161
2521 445
2522 61
2523 2807
2524 447
2525 1399
2526 1448
2527 2372
2528 738
2529 782
2530 2148
2531 1308
2532 1766
2533 1599
2534 2157
2535 152
2536 288
2537 443
2538 505
2539 2688
2540 2356
2541 999
2542 1863
2543 2150
2544 1990
2545 2749
2546 1176
2547 2310
2548 2756
2549 2416
2550 1140
2551 1948
2552 872
2553 316
2554 1419
2555 2629
2556 284
2557 756
2558 2640
2559 402
2560 737
2561 523
2562 2698
2563 1950
2564 836
2565 1046
2566 1232
2567 1718
2568 639
2569 349
2570 1080
2571 89
2572 725
2573 1295
2574 1444
2575 1839
2576 1511
2577 1601
2578 1956
2579 1597
2580 2520
2581 1998
2582 667
2583 2618
2584 632
2585 1922
2586 124
2587 744
2588 1167
2589 605
2590 110
2591 2324
2592 2375
2593 1856
2594 561
2595 365
2596 778
2597 1555
2598 446
2599 315
2600 2339
2601 1558
2602 2325
2603 1307
2604 2028
2605 1985
2606 290
2607 2708
2608 539
2609 433
2610 753
2611 1376
2612 1447
2613 817
2614 2549
2615 1783
2616 1969
2617 2094
2618 942
2619 2153
2620 804
2621 2451
2622 1274
2623 1868
2624 1550
2625 2565
2626 2228
2627 2388
2628 2648
2629 1586
2630 1918
2631 334
2632 1385
2633 2598
2634 949
2635 2414
2636 1231
2637 1666
2638 192
2639 292
2640 344
2641 2155
2642 1771
2643 1229
2644 1906
2645 1575
2646 286
2647 1288
2648 125
2649 299
2650 479
2651 1542
2652 2447
2653 1191
2654 2511
2655 70
2656 470
2657 1512
2658 1462
2659 502
2660 1066
2661 2638
2662 62
2663 1719
2664 1508
2665 1579
2666 1246
2667 2047
2668 564
2669 2584
2670 1352
2671 1497
2672 2534
2673 331
2674 742
2675 1819
2676 922
2677 1172
2678 2103
2679 2326
2680 927
2681 1653
2682 2625
2683 559
2684 1593
2685 275
2686 346
2687 1349
2688 2567
2689 429
2690 2783
2691 1187
2692 1808
2693 2691
2694 1714
2695 1293
2696 1871
2697 1188
2698 1974
2699 1321
2700 1709
2701 417
2702 1699
2703 2365
2704 798
2705 291
2706 1988
2707 2098
2708 1215
2709 1247
2710 612
2711 1093
2712 1572
2713 1763
2714 961
2715 1760
2716 2560
2717 2115
2718 2338
2719 1475
2720 2158
2721 1056
2722 743
2723 2765
2724 572
2725 761
2726 607
2727 2285
2728 1540
2729 1611
2730 905
2731 1353
2732 1088
2733 1182
2734 1366
2735 586
2736 1566
2737 2485
2738 2168
2739 184
2740 647
2741 2676
2742 1645
2743 1840
2744 149
2745 993
2746 1898
2747 2348
2748 2124
2749 555
2750 2577
2751 162
2752 2110
2753 23
2754 1326
2755 695
2756 2789
2757 723
2758 1576
2759 1745
2760 2102
2761 2234
2762 771
2763 173
2764 521
2765 1594
2766 1818
2767 1129
2768 2481
2769 919
2770 2118
2771 801
2772 17
2773 2394
2774 359
2775 2413
2776 562
2777 1058
2778 806
2779 1030
2780 2304
2781 2105
2782 546
2783 2436
2784 1637
2785 2065
2786 633
2787 1116
2788 2790
2789 708
2790 1355
2791 1752
2792 1970
2793 1083
2794 1363
2795 1060
2796 1155
2797 2055
2798 629
2799 818
2800 1838
2801 1290
2802 713
2803 718
2804 193
2805 1402
2806 397
2807 2547
2808 2279
2809 1304
2810 2332
2811 1473
2812 646
