0 2629 1
1 2282 3
1 2545 5
2 2271 12
2 2587 20
3 1476 8
3 2253 15
3 2494 16
4 1967 5
4 2272 11
4 2354 9
5 1501 13
5 1974 5
6 1496 2
6 2530 20
6 2611 16
7 2052 11
7 2316 15
8 1474 17
8 1495 18
9 1624 8
9 2202 3
9 2223 17
9 2300 3
10 1570 13
10 2133 15
11 1911 3
12 1861 20
13 2692 10
14 1657 10
14 2486 18
15 2505 19
15 2609 9
16 2373 7
17 1677 18
17 1790 15
18 2042 20
18 2501 11
18 2737 5
19 2689 5
20 2170 7
20 2187 6
20 2660 16
21 1779 17
21 2021 2
22 2484 19
23 1701 4
24 1520 7
25 2774 17
26 1888 16
26 1954 17
27 1698 8
27 2666 13
28 2118 7
29 2751 7
30 1749 2
30 1832 15
31 2533 9
32 1693 5
32 2237 14
33 1972 7
33 2375 12
33 2377 5
33 2519 2
34 2134 2
34 2342 19
35 1504 10
36 1811 7
36 2709 12
37 2787 9
38 2027 7
39 2657 2
40 1751 2
40 2410 11
41 1921 17
42 1661 8
43 1979 8
43 2104 10
43 2166 1
43 2550 17
44 1890 8
45 1635 19
45 1884 1
45 2502 5
46 1439 17
46 2734 15
47 2235 5
47 2543 3
48 2523 16
48 2749 2
49 2356 10
49 2538 3
50 1473 8
51 1611 2
52 2186 4
53 1592 17
53 2551 3
54 1578 18
54 2389 13
55 2748 11
56 1401 19
56 1697 18
56 2198 20
57 1470 12
57 1932 18
58 2480 9
58 2636 1
59 2153 1
59 2167 2
59 2241 5
60 1869 14
61 1927 15
61 2442 12
62 1816 7
62 2210 18
63 1524 18
64 2522 2
64 2765 9
65 2248 12
66 2015 2
66 2124 7
67 2035 11
67 2311 14
67 2484 2
67 2776 10
68 1892 14
69 1462 19
69 1488 12
70 1714 19
70 2751 4
71 1724 13
71 2322 5
72 1797 11
73 1990 17
73 2760 3
74 1606 18
74 1759 18
75 1831 16
75 2452 14
76 1785 9
76 1838 18
76 2736 4
77 1718 9
77 2772 13
78 2738 10
79 1869 2
80 2064 1
80 2630 9
81 1683 9
81 1700 19
81 2649 12
82 2154 18
83 2266 19
84 1607 7
84 2116 19
85 1635 13
85 2344 6
85 2773 12
86 1450 14
86 1566 6
87 1399 16
87 1744 20
87 1783 7
88 1522 9
88 1868 9
88 1924 18
88 2700 17
89 1774 12
89 1931 7
90 1855 19
90 2196 5
91 2197 3
91 2732 6
92 2352 18
92 2462 5
92 2643 12
93 2559 12
94 1557 2
94 1603 10
94 1609 14
95 2455 1
96 2535 20
97 1756 11
98 1530 13
98 1959 8
99 1822 5
99 2584 1
100 1555 4
101 1401 1
102 1752 2
103 1979 16
104 2616 18
105 1608 19
105 1983 19
106 2564 13
106 2590 12
107 2674 8
107 2740 3
108 1829 14
108 2638 20
108 2792 9
109 1471 19
109 1504 11
110 1415 16
110 2500 5
111 1569 7
111 2662 5
111 2683 10
112 1908 14
112 2417 14
113 1770 6
113 2480 15
114 1976 14
114 2414 4
115 1958 2
116 1652 14
116 1761 6
116 2566 11
117 2172 10
118 1580 5
118 1601 12
119 2475 4
119 2611 18
120 1798 6
120 1972 16
121 2257 15
121 2316 18
121 2695 19
122 2127 14
122 2368 6
122 2635 11
122 2670 20
123 1706 18
123 1897 5
123 2481 15
124 2464 16
124 2599 19
125 2132 13
125 2293 5
126 2138 15
126 2311 3
127 1794 12
127 2589 12
128 2479 12
128 2719 20
129 2251 7
130 2221 17
130 2567 17
131 2396 13
131 2430 7
132 2100 14
132 2660 19
133 2469 17
134 1854 16
134 1859 2
135 2415 10
136 2014 20
136 2087 14
137 2176 14
138 1412 15
139 1464 19
139 2746 10
140 2241 18
141 1625 7
142 2426 10
143 1800 14
143 2577 19
144 1537 6
145 1558 12
146 2371 14
147 1707 12
147 2436 11
148 1506 19
148 2044 12
148 2079 7
149 2576 11
150 1776 18
150 2027 8
150 2061 16
151 2090 20
151 2381 19
152 1617 2
152 1780 6
152 2439 13
153 2243 9
153 2251 6
154 2006 4
154 2487 3
155 2246 3
156 1848 5
156 2647 6
157 1465 4
157 2301 17
157 2528 15
158 2540 12
159 2344 8
160 1942 15
160 2106 4
161 2102 6
161 2297 5
162 1404 18
162 2293 2
163 1411 16
164 2604 19
164 2606 17
165 1494 10
165 2045 13
166 2066 7
167 2670 2
167 2678 12
168 2310 1
168 2409 5
169 1926 8
169 2255 18
169 2605 12
170 1446 9
170 2682 16
171 1581 18
171 2105 9
172 2314 11
173 2759 6
174 2745 20
175 1763 14
175 2341 14
176 1422 2
176 2716 9
177 2187 19
178 1472 6
178 1761 12
179 1714 8
180 2598 10
181 1483 5
181 1904 12
182 1902 19
182 2702 10
183 1477 13
183 2302 18
184 1795 16
184 1894 7
184 2358 18
185 2590 10
185 2682 14
186 1711 7
186 2315 5
187 2258 11
187 2345 8
188 2056 18
188 2322 1
188 2651 12
188 2727 17
189 1416 15
190 1476 13
190 2067 7
191 1605 7
191 2632 12
192 2006 14
192 2616 6
193 1772 20
193 2710 20
194 1814 13
194 2555 12
195 1865 6
195 1916 15
195 2383 20
195 2542 4
196 2392 2
197 1403 14
197 1890 16
197 2357 15
197 2422 19
198 1719 8
199 1743 3
200 1461 2
200 1472 9
201 1848 18
202 2067 1
202 2653 14
203 2554 15
204 1960 4
204 2210 9
205 1839 4
205 1905 18
205 2145 15
206 2651 16
206 2735 20
207 2239 18
208 1553 5
208 1733 19
208 2356 5
208 2501 3
209 1753 20
210 1950 11
210 1962 12
211 1508 10
211 2050 14
212 2388 3
213 2239 13
213 2359 9
214 1680 5
214 2139 17
214 2723 4
215 1835 17
215 2339 18
216 1503 7
216 2272 15
216 2751 20
217 2335 20
218 1672 18
218 2521 1
218 2595 14
219 2470 10
220 1590 16
220 1994 4
220 2143 19
220 2504 16
220 2693 20
221 2297 16
221 2566 5
221 2620 13
222 2313 15
223 2553 1
224 1775 17
224 2072 7
225 2022 17
225 2488 17
226 1999 1
226 2191 8
227 1565 14
227 2632 8
228 1900 1
228 1940 10
229 1576 14
229 2543 6
230 1681 13
230 2465 14
231 2594 17
231 2768 15
232 1556 18
232 2350 9
233 1757 15
233 1789 9
233 2335 2
234 1741 7
234 2428 2
234 2573 10
235 1486 20
235 1500 7
235 1836 6
236 1602 14
236 1826 9
236 2114 12
237 1715 20
237 1731 12
237 1942 13
237 1973 2
238 1511 9
238 2215 14
238 2529 3
239 2176 12
239 2182 19
240 1595 19
240 2223 13
241 1510 15
241 1665 4
241 1693 15
242 2464 7
243 1680 8
244 1511 15
245 1699 3
245 2250 8
245 2609 16
246 1503 6
246 2497 5
247 1737 19
247 1975 13
248 2005 6
249 1651 10
249 1790 5
250 2010 14
250 2040 18
250 2291 12
250 2544 3
251 2374 4
252 2194 9
252 2600 15
253 1546 6
253 2531 18
253 2593 6
254 1880 11
254 2216 6
255 2316 14
256 1488 14
256 2141 14
257 1971 2
257 2466 18
257 2541 20
258 1597 19
258 2478 5
259 1750 8
260 1431 13
261 1936 6
261 2120 6
261 2385 16
261 2444 2
261 2470 19
262 1882 11
262 2494 3
263 1633 6
263 2413 6
264 2607 1
265 2688 17
266 1678 15
266 2698 16
267 2117 10
267 2731 20
268 1579 5
268 2518 3
269 2174 9
269 2628 15
270 1507 1
270 1608 14
270 2167 17
271 1975 9
272 1516 6
272 2219 1
272 2462 4
273 1732 4
273 2754 2
274 2196 2
275 2129 8
276 1671 2
276 1818 1
276 2454 12
277 2333 20
278 1972 18
278 2184 15
279 2782 19
280 2009 8
280 2491 17
281 1443 4
281 1937 20
282 2044 10
282 2465 18
283 1503 12
283 2545 13
284 2325 11
284 2542 9
285 1403 19
285 2486 18
286 1639 10
286 2363 12
287 1521 18
287 2450 11
288 2280 14
288 2575 3
289 2268 2
290 1907 12
290 2248 6
291 1994 14
291 2455 9
292 1418 12
292 1512 4
292 2273 19
293 1661 20
293 2698 5
294 2619 12
295 1458 15
296 1965 19
297 2533 15
297 2581 15
298 2322 20
298 2790 8
299 1820 18
299 2445 17
299 2643 18
300 2659 10
300 2692 14
301 2181 13
301 2329 4
302 2252 12
302 2292 5
303 1613 12
304 1867 15
305 1712 11
305 1987 8
305 2119 2
306 2397 19
307 1886 8
308 2117 18
309 1995 13
309 2678 6
309 2726 4
310 2597 2
311 1708 19
311 2523 5
312 1623 3
312 2711 20
313 1940 10
314 1543 9
314 2710 16
315 1706 19
316 1444 15
316 1934 20
317 1442 10
317 1626 10
318 1889 19
318 2131 4
319 2042 16
319 2511 13
320 1920 13
320 1946 7
320 1953 16
321 2290 10
321 2588 16
322 2022 19
322 2139 18
322 2260 18
322 2671 16
323 1614 19
324 2362 8
325 1946 2
326 1949 7
326 2582 3
327 2351 5
327 2374 15
328 2033 2
328 2502 16
329 1869 7
329 2504 13
330 2297 17
331 1449 8
332 1911 14
332 2352 17
332 2457 10
332 2640 13
333 2022 15
333 2719 20
334 1605 4
334 1684 13
334 1912 20
334 2175 8
334 2476 1
335 1485 16
336 1873 14
336 1967 3
337 1598 17
337 1920 19
337 2000 11
337 2492 1
338 1502 9
338 2349 7
338 2631 3
339 1931 18
339 2491 20
340 1929 10
340 2322 10
340 2419 17
340 2460 12
341 2242 20
341 2761 6
342 2326 3
342 2407 14
342 2631 8
343 2438 10
343 2784 9
344 1467 2
344 1662 6
344 2694 5
345 2728 12
346 1434 2
346 2113 5
346 2160 12
347 2088 12
347 2498 12
348 2027 8
349 1630 3
349 2516 17
350 1539 3
350 2715 12
351 1417 17
351 1875 6
351 1964 20
352 2275 15
352 2719 1
353 1760 9
353 1885 14
353 2513 18
354 2640 8
355 2717 1
356 1492 17
357 1558 15
357 1656 6
358 1853 6
358 1969 13
358 2030 3
359 1501 18
360 2448 9
360 2777 11
361 1502 19
361 1634 13
361 1666 3
362 1829 20
362 2163 3
363 1889 9
364 1785 8
364 2559 17
365 1788 2
365 1985 10
366 2281 13
366 2411 6
367 1863 4
368 1919 12
368 2038 18
369 2156 3
369 2589 7
369 2604 6
370 2030 3
370 2273 13
370 2739 12
371 1978 18
371 2245 16
372 1421 2
372 2509 7
373 1601 17
373 1719 19
374 1544 5
374 2758 19
375 2184 18
376 2414 18
376 2703 7
377 2100 8
377 2310 17
377 2375 2
378 1635 14
378 1775 11
379 1642 18
379 2297 18
379 2770 10
380 1505 6
381 1970 6
382 2000 10
383 2073 15
383 2173 8
383 2643 16
384 1552 1
385 1656 9
385 1747 6
386 2103 11
386 2641 19
387 1687 10
387 2320 2
387 2634 16
388 2611 11
389 1582 20
389 2721 10
390 1523 15
391 1832 17
391 2489 10
391 2755 5
392 1789 1
392 2303 13
393 1612 1
394 1614 15
394 2388 13
395 2542 10
396 1704 2
396 2046 20
396 2158 10
396 2756 9
397 2336 6
398 2619 11
399 1577 20
400 1739 20
400 1796 12
401 1876 14
401 2254 8
401 2762 15
402 1466 10
402 2624 19
403 1405 20
403 2104 19
404 1746 8
404 2368 1
404 2477 4
405 1437 18
405 2684 20
406 2061 18
406 2789 4
407 1429 12
407 2214 19
408 1561 3
408 1748 13
409 1400 7
409 1840 2
409 1857 2
409 2739 8
410 1475 9
410 2285 13
410 2786 1
411 1918 16
411 2121 16
412 1451 8
412 2042 4
413 1866 14
413 2147 16
413 2238 19
414 1534 2
414 2294 2
414 2787 20
415 1917 6
416 2644 19
417 1844 8
418 2263 3
418 2476 10
419 1932 7
419 2142 17
419 2694 18
419 2714 20
420 2119 10
421 1966 8
421 2311 18
422 1845 2
422 2554 18
423 1881 11
423 2423 1
423 2749 10
424 2529 12
425 2108 10
425 2420 12
426 1802 1
426 2742 14
427 2390 1
427 2677 6
427 2728 15
428 1956 4
429 1700 18
430 1605 19
430 2718 5
431 1715 9
432 2053 14
432 2705 16
433 1611 9
433 1633 8
433 2331 10
434 1730 17
434 1833 4
434 2788 19
435 1464 12
435 1726 18
436 1627 19
436 2093 17
437 2609 12
437 2628 6
438 1493 19
439 1687 11
439 2344 10
439 2451 20
440 1785 10
441 2709 18
442 1621 2
442 2416 10
442 2754 6
443 2584 9
444 1460 1
444 2517 4
444 2607 6
445 2187 4
445 2562 18
446 1789 16
446 2063 19
447 1568 13
448 2111 3
449 2292 8
449 2418 2
450 1469 16
450 2196 20
450 2326 17
451 1612 17
451 1677 8
452 1765 18
452 2576 13
453 2036 1
453 2641 9
454 1527 15
454 2037 19
454 2155 13
454 2302 6
455 2017 14
456 2220 8
457 2208 11
457 2421 16
458 1676 11
458 2205 7
459 1425 1
459 2090 3
459 2224 13
460 1506 5
460 2421 8
461 2179 10
462 1766 10
462 2150 15
462 2321 18
463 2144 16
463 2172 15
464 1950 17
465 2094 16
465 2364 7
465 2751 5
466 1529 11
466 2187 17
466 2395 19
466 2512 18
467 1965 16
467 2483 2
468 2467 15
468 2683 19
469 1986 15
469 2557 3
469 2788 12
470 1892 10
470 2151 20
470 2329 20
471 1810 16
471 2565 11
472 2326 8
473 1982 8
473 2243 14
474 1765 19
474 2272 15
475 2107 14
475 2658 8
476 1874 1
476 2219 11
476 2500 10
477 1417 12
477 1817 16
478 2510 13
479 1853 17
479 2571 8
480 1760 5
480 2046 9
481 1468 7
481 2556 7
481 2713 17
482 1639 4
483 2171 11
483 2367 10
484 1778 18
485 1426 8
485 2008 1
485 2085 2
486 1939 3
486 2617 11
487 1640 3
487 2321 6
488 1514 18
488 2670 19
489 1447 16
489 2727 20
490 2261 5
490 2789 15
491 1792 14
491 2157 9
492 1941 5
492 2054 6
492 2354 9
493 2328 17
493 2436 17
494 1532 13
494 2234 12
495 1631 8
495 1895 5
495 2179 1
496 1606 7
496 1782 14
497 2260 1
498 1419 1
498 2419 7
498 2724 8
499 1610 7
499 1703 14
499 2385 20
500 2496 11
500 2591 16
500 2602 20
501 1628 12
501 2234 4
502 2507 13
502 2534 9
503 1463 11
503 2235 5
503 2404 4
504 1449 18
504 1537 7
504 2112 17
505 1692 5
505 1803 11
506 1424 19
506 1767 12
506 2655 6
506 2738 13
507 1502 10
507 1552 13
507 1825 20
508 1673 15
508 2769 3
509 1694 15
509 2268 3
510 1398 11
510 1968 16
511 1823 14
512 2483 9
513 2068 10
513 2353 1
514 2185 8
514 2206 3
514 2298 7
514 2399 19
515 1643 19
515 2570 9
516 2242 6
516 2766 10
517 1650 15
517 1733 3
518 1602 7
519 2039 5
519 2290 12
519 2658 18
520 1497 7
520 2146 17
521 1664 8
522 2511 9
522 2731 15
523 1421 9
523 1975 19
524 1916 19
524 2144 2
524 2450 11
525 1974 6
525 2349 3
526 1837 3
527 1469 2
527 2641 11
528 2470 16
529 2346 13
530 1694 17
530 2656 13
530 2679 20
531 1433 20
531 1716 16
532 2281 8
532 2499 16
533 1660 19
533 2037 14
533 2154 1
534 1420 14
535 1828 8
535 2038 1
535 2563 16
535 2619 20
536 1908 3
537 1534 14
537 1803 9
537 2387 11
538 1618 6
538 1768 17
538 2519 11
539 1604 2
539 1825 9
539 2447 16
540 1928 6
540 2653 4
541 1451 3
541 2343 18
542 2077 7
542 2260 10
543 1645 15
543 1921 10
543 2747 1
544 1550 12
545 1487 18
545 1891 13
545 2648 14
546 1930 3
546 2706 6
547 1720 14
547 1878 9
548 2347 10
548 2485 14
549 2203 18
549 2428 14
550 1862 20
550 1926 4
551 1988 10
551 2357 12
552 1417 15
552 2070 14
552 2139 14
553 1672 1
554 1932 9
554 2514 2
555 1572 11
555 2373 6
555 2719 6
556 1495 16
556 1570 5
557 1433 15
558 1542 20
558 2363 14
558 2434 13
559 1709 4
559 2323 6
560 1670 9
560 1830 9
561 1525 8
561 1981 17
562 1499 13
562 1555 2
563 2182 18
563 2516 10
563 2645 18
564 1675 15
564 2447 14
565 2063 4
565 2760 15
566 2228 9
566 2481 14
566 2600 16
567 2036 12
568 1877 16
568 2757 6
569 2780 19
570 2147 19
570 2792 3
571 2740 19
572 1428 17
572 1528 13
572 1571 18
573 1480 6
573 2295 10
574 1828 13
575 2257 13
576 2270 12
576 2675 7
577 1816 16
577 2706 16
578 2366 8
578 2726 14
578 2768 17
579 2314 7
579 2656 9
580 1440 13
580 1561 13
581 1717 8
581 1797 5
582 1574 2
582 2047 2
582 2393 7
583 1653 11
583 2324 9
584 1682 11
584 2450 13
585 2323 2
586 1721 5
586 1956 4
586 2540 1
587 1686 4
587 1771 4
587 2120 4
588 1461 1
589 1776 3
589 2664 8
590 1697 9
590 1799 8
591 1562 4
591 1787 20
591 2469 15
592 1998 12
592 2495 1
593 1575 9
593 1669 15
594 1469 13
594 2772 19
595 1577 20
595 1706 13
595 2164 4
596 1487 18
596 1549 3
596 2246 7
597 2534 11
598 2630 15
599 1827 4
599 2202 14
600 2272 11
600 2582 7
601 2378 20
602 1421 9
602 1609 11
603 1672 18
603 1866 11
604 1929 9
605 1781 9
606 1568 14
606 2057 9
607 1602 9
607 1984 1
607 2418 19
608 1745 14
609 2347 7
610 2517 4
610 2755 2
611 1866 17
611 2458 10
611 2697 8
612 1773 15
612 2586 15
613 1567 4
613 1981 6
614 1422 18
615 1585 13
616 1885 18
616 2413 16
617 2122 9
617 2448 18
617 2565 7
618 1547 10
618 1810 11
619 1458 20
619 1630 9
619 2426 16
620 1929 13
620 2140 8
620 2783 1
621 1471 14
621 1702 5
622 1410 1
622 2569 14
622 2694 17
623 1834 3
623 2459 11
623 2761 19
624 1531 16
624 1778 10
624 2698 12
625 1482 18
625 2289 2
626 1422 2
626 2733 20
627 1536 14
628 1467 11
628 1690 5
629 1828 11
629 2468 20
630 1428 13
630 2195 14
631 1866 14
632 2264 12
632 2404 5
633 1652 7
633 2681 6
634 1784 7
635 2337 9
635 2599 15
636 2231 16
636 2790 5
637 1673 1
637 1750 2
637 1948 3
638 1739 2
638 2029 7
638 2135 14
639 1409 9
639 1455 18
640 1808 1
640 2499 16
641 2003 11
641 2043 11
642 1643 19
642 2624 12
643 1945 14
643 2237 16
644 1398 12
644 1466 9
645 1602 11
645 2370 11
646 1740 19
646 2527 10
647 1728 9
647 2693 9
648 1868 12
648 2222 15
648 2508 7
648 2773 17
649 2688 18
649 2747 4
650 1463 17
650 2546 19
651 2476 20
652 2065 1
652 2190 5
653 2547 3
654 1678 8
654 2011 16
654 2015 19
654 2692 5
655 1577 9
656 1511 20
657 2180 1
657 2679 10
658 1632 2
659 1462 20
659 1832 14
660 2220 10
660 2376 7
660 2709 1
661 1495 10
661 1526 12
661 1721 6
662 1567 14
662 2123 19
663 2608 14
664 1588 9
664 1739 8
665 2702 3
666 1485 11
666 2334 10
667 2030 3
667 2152 10
668 2365 11
668 2469 17
669 1529 6
669 1566 14
670 1525 2
670 1899 4
670 1987 12
670 2342 14
671 2444 14
672 1964 10
672 2663 19
673 2053 16
673 2121 8
673 2451 10
674 1882 15
675 1456 14
675 1471 8
675 2256 2
676 1587 11
676 1709 8
677 1729 14
677 1742 12
678 2016 20
679 2366 12
679 2604 11
680 1912 9
680 1943 4
681 1641 4
681 2277 16
682 1615 14
682 2485 8
683 2140 1
683 2778 10
684 1619 18
684 1903 15
684 2084 1
685 1490 3
685 2521 10
686 1922 10
687 1509 2
687 2011 4
688 1933 11
688 2094 9
689 1442 6
689 1801 5
689 2006 16
690 1646 10
690 1849 19
690 2008 1
690 2049 4
691 1759 8
691 2266 12
691 2450 13
692 1482 5
692 1734 14
692 1868 12
693 1480 5
693 2181 12
694 1524 12
694 1898 17
695 1878 2
695 2125 2
695 2361 2
695 2736 14
696 1620 7
696 1839 12
697 1978 16
697 2372 13
698 1617 2
698 1630 17
699 1445 18
699 1899 6
700 1826 18
701 1676 6
701 2302 15
702 1498 14
702 1550 15
703 2472 6
704 1811 8
704 1963 11
705 1408 16
706 1569 9
706 2511 6
706 2523 10
706 2679 16
707 1549 15
707 2372 13
708 1580 19
708 1632 20
709 2149 4
710 2137 17
710 2708 2
711 2160 4
711 2192 8
711 2633 1
712 1818 9
712 2359 9
713 1700 12
713 2218 17
714 2065 6
714 2723 3
715 1584 12
715 2066 5
715 2408 5
716 1443 13
716 1993 14
717 2354 8
717 2573 10
717 2574 1
717 2580 12
718 1887 2
718 2047 6
719 1407 13
719 1431 16
720 2234 4
721 2487 9
722 1530 15
722 2312 1
722 2528 1
723 1628 20
723 1722 8
724 2059 11
724 2270 3
724 2735 14
725 1656 16
725 2062 8
725 2338 20
726 1641 11
726 2144 18
726 2720 18
727 1591 15
727 2587 11
728 2750 19
729 1781 6
729 2551 14
730 2583 14
731 1955 11
731 1987 16
732 2254 4
733 1500 14
733 2761 20
734 2463 11
735 2518 13
735 2602 2
735 2696 14
736 2305 7
736 2425 15
736 2537 20
736 2698 19
737 1904 6
737 2005 17
737 2216 19
738 1648 16
738 1957 16
739 2099 16
739 2194 16
740 2163 19
741 1813 14
741 2650 12
742 2168 7
742 2468 9
743 1513 18
744 2524 17
745 2123 10
746 1456 10
747 1520 9
748 2201 20
748 2236 5
749 1756 15
749 2274 3
750 1448 6
750 1718 1
750 1748 18
751 1458 10
751 1821 13
752 1914 16
752 2773 6
753 1474 19
754 1583 4
754 2037 4
754 2625 13
755 2466 2
755 2526 17
756 1563 4
756 1621 3
756 2348 10
757 1980 11
758 1947 19
758 2008 6
759 2178 5
760 2408 10
761 1653 1
761 1752 7
761 1867 10
761 2186 11
762 2207 20
762 2525 1
763 2092 5
763 2337 2
764 1471 4
764 1940 11
764 2058 19
764 2195 6
765 2137 5
765 2663 9
766 1860 1
766 1877 2
766 2613 12
767 1852 10
767 2704 5
768 1767 17
768 2232 19
769 1686 18
769 2069 15
770 1619 20
770 2528 2
771 1966 12
772 2734 7
773 1600 6
773 1807 13
773 1965 18
774 1598 14
774 1647 15
775 1441 8
775 1665 20
776 2189 7
776 2427 20
776 2569 11
777 1427 20
777 2299 12
778 2266 2
778 2279 5
779 2341 7
779 2384 3
780 1540 15
780 2035 19
780 2601 9
781 1951 10
781 2008 13
781 2345 13
782 2153 14
782 2726 20
783 2240 10
783 2673 18
784 2140 16
785 1664 10
785 1808 12
785 2764 4
786 1486 13
787 1770 4
788 1442 5
789 1452 8
789 1705 6
789 2098 17
790 1593 14
790 2187 15
790 2402 20
791 2786 14
792 1738 13
793 2192 17
794 1583 16
795 1594 1
795 2111 4
796 2440 3
796 2541 13
797 1967 13
797 2533 16
798 2219 3
799 1957 12
799 2502 5
800 1836 9
801 1599 19
801 2173 8
802 2047 1
802 2330 18
803 2385 11
804 2169 15
804 2635 12
805 1959 17
805 2345 7
806 2013 6
806 2722 15
807 2207 3
808 1462 3
808 1992 4
809 1540 4
810 1685 19
810 1959 5
811 1481 6
811 2510 17
812 2020 10
812 2578 15
812 2649 20
813 2007 3
813 2748 20
814 1954 2
814 2466 13
815 2600 13
816 1487 8
816 2650 5
817 2150 1
817 2577 7
818 2392 18
818 2453 3
819 1518 14
819 1841 18
819 2167 2
820 2432 15
821 1627 3
821 2018 16
822 1509 18
822 2621 18
823 1397 11
823 1736 4
823 2615 19
824 2603 3
825 1482 2
825 2186 11
825 2354 1
826 2285 1
827 2371 15
828 1872 9
828 2227 3
828 2274 6
829 1684 13
829 2112 7
829 2308 14
830 2232 3
830 2472 7
831 1726 15
831 2496 9
832 1412 11
832 1915 9
832 2060 19
833 1933 13
833 2257 16
834 1792 5
835 1945 13
835 2525 7
836 2680 9
836 2703 11
837 1524 6
837 1636 18
837 2274 12
837 2487 10
837 2707 14
838 1879 5
838 1892 1
839 2178 13
839 2772 6
840 2288 1
841 2358 9
842 1883 3
843 1638 16
844 1742 18
844 1883 8
844 2034 1
844 2099 7
845 1618 11
845 2109 14
846 2166 17
846 2200 7
847 1572 12
847 2211 11
848 2126 7
848 2162 17
849 1781 15
849 1873 1
849 2674 9
850 1665 14
850 2032 15
850 2268 11
850 2750 7
851 2690 6
852 1483 17
852 2076 20
853 1804 9
853 1888 18
854 1445 7
854 2347 10
855 1585 1
855 1804 10
856 1622 6
857 1906 9
858 1664 10
858 1779 15
859 2298 11
860 2433 3
861 1545 7
861 1815 13
861 2129 2
862 2446 11
862 2474 10
863 1541 14
863 2188 10
864 2769 13
865 2431 5
865 2717 1
866 2498 17
866 2505 2
867 1546 1
867 2401 5
868 1416 8
869 2330 8
869 2391 15
869 2583 9
870 1459 1
870 2146 17
871 2639 17
871 2665 1
872 1921 18
872 2424 14
872 2519 19
873 2009 15
874 1667 13
874 2101 19
875 1856 16
875 2054 15
876 1784 14
876 1958 19
876 2066 8
876 2128 2
876 2148 18
877 1787 2
877 2206 4
877 2230 9
878 2398 8
878 2784 19
879 2263 16
880 2506 19
880 2715 15
881 1982 16
881 2732 17
882 2074 4
882 2539 2
883 2338 1
883 2691 19
884 1798 20
884 2026 7
885 2647 2
886 1896 10
886 2284 18
887 2657 16
887 2672 18
888 2666 3
889 2333 9
889 2375 2
890 1554 5
890 1977 4
890 2145 4
891 1663 9
891 2024 14
892 1597 16
892 1989 16
893 1408 11
893 1891 19
893 2610 19
894 1430 1
894 2115 15
894 2723 4
895 1601 1
895 1642 6
896 1718 9
896 2353 5
896 2735 3
897 1641 3
897 2364 13
897 2669 4
898 1501 6
899 1521 5
899 2126 17
900 2185 6
901 1909 12
902 2066 16
902 2136 14
902 2307 14
903 1655 2
903 1939 12
904 2376 18
905 2001 7
905 2718 20
905 2765 12
906 1738 12
906 2202 2
907 2147 8
908 1542 2
908 2360 19
909 1865 15
909 2003 12
910 1611 8
910 2208 15
910 2785 7
911 1452 15
912 1893 5
913 1421 13
913 1754 4
914 2030 14
915 1618 1
915 2579 10
916 1397 7
916 2490 13
917 2435 8
917 2596 9
918 1821 2
918 2637 14
919 2386 20
919 2763 4
920 2411 10
920 2618 1
921 1809 4
921 2090 11
921 2357 8
922 1681 4
922 2793 11
923 2157 6
923 2308 11
923 2548 3
924 1835 19
924 2645 15
925 2461 20
925 2587 9
926 2363 9
926 2370 13
927 1886 8
928 1852 7
928 2323 5
928 2390 6
929 1846 12
930 1793 8
930 2160 5
930 2647 5
931 2225 3
932 1682 19
932 2127 12
932 2503 12
932 2544 12
933 1818 10
933 1909 16
933 2782 7
934 1795 16
934 2095 1
935 1613 15
935 2357 19
936 1420 3
936 1901 11
937 1970 13
937 2083 7
937 2646 5
938 2599 9
939 1823 2
939 2247 7
939 2334 7
939 2432 4
940 2613 4
941 2399 3
942 1816 5
942 2336 2
943 2162 18
943 2213 6
944 1427 2
944 1595 8
945 2425 1
946 1512 2
947 2259 4
947 2677 10
948 2585 18
949 2462 13
949 2592 20
950 1833 4
950 2096 15
951 1480 13
951 2286 3
951 2744 16
951 2775 6
952 1550 18
952 2078 9
952 2708 15
953 1499 1
954 2301 12
955 1669 1
956 1660 7
956 1923 2
956 2476 18
957 2223 5
957 2578 6
958 1958 11
958 2035 17
958 2661 15
959 2401 15
960 1618 10
960 2111 11
961 1924 12
961 2511 5
962 1795 11
962 2272 3
962 2369 8
963 1409 12
963 1602 13
963 2289 15
964 1487 5
964 1674 16
965 1438 4
966 2077 2
967 2236 9
968 1548 11
968 2646 10
969 2204 8
969 2279 5
970 2010 4
971 1833 18
971 1923 19
972 1514 16
973 2389 14
973 2745 11
974 1824 9
974 1980 1
974 2493 9
975 1995 16
976 2071 16
977 2471 10
978 1861 7
978 1935 2
979 1625 7
979 2189 15
980 2320 1
981 2035 17
981 2340 15
982 2400 15
983 1420 15
983 2602 14
984 2382 6
984 2383 3
985 2317 14
985 2721 13
986 2406 12
986 2520 8
986 2638 11
987 2681 8
988 1667 16
988 2457 6
989 2114 8
989 2256 20
989 2321 15
990 2267 16
990 2284 2
991 1436 12
991 1819 1
991 2530 3
992 1444 3
992 2165 10
992 2284 10
993 2110 16
993 2603 16
994 2552 1
995 2057 11
995 2264 12
996 1744 10
996 1791 1
996 2130 10
997 1917 16
997 2053 2
998 1953 17
998 2623 11
999 1947 14
1000 1541 1
1000 2098 7
1001 1710 16
1001 2043 19
1001 2089 7
1002 1454 14
1002 1492 9
1003 1982 19
1004 2618 8
1005 1556 7
1005 1570 17
1005 1907 4
1006 1475 6
1006 2536 2
1007 2245 19
1008 2109 3
1009 2292 17
1009 2693 20
1010 1589 17
1010 1594 5
1011 2062 6
1011 2575 11
1012 1688 14
1012 2327 20
1012 2686 14
1013 1922 3
1014 1854 17
1014 2440 12
1014 2523 1
1015 1688 13
1015 2565 19
1016 1481 10
1016 1538 6
1016 2265 12
1016 2289 14
1017 2516 16
1018 2580 7
1018 2661 5
1019 2365 7
1020 1847 4
1020 2135 12
1020 2474 2
1020 2612 10
1021 1951 8
1021 2561 10
1022 2017 20
1022 2454 12
1022 2722 20
1023 1767 11
1023 2097 7
1023 2417 12
1023 2774 11
1024 2171 3
1024 2203 13
1024 2229 14
1025 1989 1
1025 2534 4
1025 2644 10
1026 1931 1
1026 2250 5
1027 1870 1
1027 2402 6
1028 1499 5
1028 1579 17
1028 1615 11
1028 2246 6
1029 1859 2
1029 2701 7
1030 2050 16
1030 2184 20
1031 2204 14
1031 2614 7
1032 2492 14
1032 2601 8
1033 1829 16
1033 2780 10
1034 2086 8
1034 2328 11
1035 1887 12
1035 2781 9
1036 1573 19
1036 2473 1
1037 1864 12
1037 2473 11
1038 2712 19
1038 2742 19
1039 2407 7
1040 1898 5
1041 1890 6
1041 2309 6
1042 1746 2
1043 2052 7
1043 2704 9
1044 1858 1
1044 1902 19
1044 1956 5
1044 2226 18
1045 1689 2
1045 2569 10
1045 2689 9
1046 2638 2
1047 2471 13
1048 1530 2
1049 1424 12
1050 1686 11
1050 1717 6
1050 2110 9
1051 2269 10
1051 2443 12
1051 2642 3
1052 1454 16
1052 2313 1
1053 2230 3
1053 2249 12
1053 2507 17
1053 2734 2
1054 1999 2
1054 2537 11
1055 1695 10
1055 1955 17
1056 1401 3
1056 1505 2
1056 2200 1
1057 1435 5
1057 1523 16
1058 1515 8
1058 1952 12
1058 2446 4
1059 1617 16
1059 2262 10
1060 1653 2
1060 1985 9
1061 1607 2
1061 1786 2
1062 2105 3
1062 2193 7
1063 1830 20
1063 2134 5
1064 2778 3
1065 2669 11
1066 2088 13
1067 1478 5
1067 2099 16
1068 1630 9
1069 2108 3
1069 2656 4
1070 1780 12
1070 1910 10
1070 1961 1
1071 2074 17
1071 2577 16
1072 1745 8
1072 2574 2
1073 1827 19
1073 1963 5
1073 2028 8
1074 1551 14
1074 2605 17
1074 2643 20
1075 1936 2
1075 2354 19
1076 2030 20
1077 2458 5
1077 2759 1
1078 1463 20
1078 1513 12
1078 1841 9
1079 1517 11
1079 1596 20
1080 2662 10
1081 2010 5
1081 2098 14
1082 1754 11
1082 2535 8
1083 1484 13
1083 2358 10
1084 2482 20
1085 1430 15
1085 1644 3
1085 2752 12
1086 2312 6
1087 2512 1
1087 2771 15
1088 1411 9
1088 2115 8
1088 2334 4
1089 1518 7
1089 1699 5
1090 1948 19
1091 2155 4
1091 2558 13
1092 1404 19
1092 2217 15
1092 2389 3
1092 2547 7
1093 1558 3
1093 2287 17
1093 2639 6
1094 1406 7
1094 2380 20
1094 2721 3
1095 2774 14
1096 1480 8
1096 2177 13
1096 2529 8
1097 2084 16
1097 2284 1
1097 2352 19
1097 2598 4
1098 1592 9
1098 2315 1
1099 1942 10
1099 2280 3
1100 2064 14
1100 2076 20
1101 2673 11
1102 1553 15
1102 2433 2
1103 1794 18
1103 2093 7
1103 2651 18
1104 2016 15
1104 2160 4
1105 1647 3
1105 2199 17
1106 2615 4
1107 1964 18
1107 2495 3
1108 2186 16
1109 1715 7
1109 2173 4
1110 2544 4
1110 2699 9
1111 1528 19
1111 1629 1
1112 2081 6
1112 2214 19
1113 1548 4
1113 1743 5
1113 1835 18
1114 1845 17
1114 1875 18
1114 2403 10
1115 1416 6
1115 1419 12
1115 2585 15
1116 1649 13
1116 1716 19
1116 2004 9
1116 2587 2
1117 2115 1
1118 1553 6
1119 2497 16
1119 2767 6
1120 2012 8
1120 2021 8
1121 1432 16
1121 1874 5
1121 2626 4
1122 1579 20
1122 2379 10
1123 1522 7
1124 2212 13
1124 2617 6
1125 1651 14
1125 2781 1
1126 2216 9
1126 2730 6
1127 1880 10
1127 2690 9
1128 1453 15
1128 2430 6
1129 2215 8
1129 2273 18
1130 1720 1
1130 2331 2
1131 1586 14
1131 2436 16
1132 1646 3
1133 1640 8
1134 1742 7
1134 2700 6
1135 1843 15
1136 2296 6
1136 2627 6
1137 2631 9
1138 1397 16
1138 2473 11
1139 1465 6
1139 2071 4
1140 2208 2
1140 2570 8
1141 2016 20
1141 2183 9
1141 2241 4
1141 2371 10
1142 2431 12
1142 2568 7
1142 2606 13
1143 1404 7
1143 1843 13
1143 2437 6
1144 2217 4
1144 2754 8
1145 1757 10
1145 2189 14
1145 2276 14
1145 2388 16
1146 1438 6
1146 1703 1
1146 2261 6
1147 1616 3
1147 2597 18
1148 2232 14
1148 2244 12
1149 1893 10
1149 1971 13
1150 2316 20
1150 2438 4
1151 2177 5
1152 2697 5
1153 1517 19
1153 1935 7
1153 1950 5
1154 2169 5
1155 1533 11
1155 2604 10
1156 1617 15
1156 1950 12
1156 2348 6
1156 2513 7
1157 1584 15
1158 2572 2
1158 2680 19
1159 1425 14
1159 2097 16
1160 2285 14
1160 2629 5
1161 2737 18
1162 1829 12
1162 2412 18
1162 2480 12
1163 2273 16
1163 2720 3
1164 2080 6
1164 2563 17
1165 2319 13
1165 2716 2
1165 2744 13
1166 1460 1
1166 1545 8
1167 1701 8
1167 1915 14
1168 2381 10
1168 2415 20
1169 2020 16
1170 2668 14
1170 2712 19
1170 2758 18
1171 1851 7
1171 2608 7
1172 1735 8
1172 2081 6
1173 1812 4
1173 2567 20
1173 2634 17
1174 1896 13
1174 1996 8
1175 1507 10
1176 2003 4
1176 2463 8
1177 1435 17
1177 1564 12
1178 1508 12
1178 2233 8
1179 2742 14
1180 2096 18
1181 1880 3
1182 2138 1
1183 2296 8
1183 2308 5
1184 1447 1
1184 1479 10
1184 2355 4
1185 1557 6
1185 2087 19
1186 1985 6
1186 2351 2
1187 1938 19
1187 2129 16
1188 1956 9
1188 2560 5
1188 2725 17
1189 1546 15
1189 2390 7
1189 2537 6
1190 1796 5
1190 2578 13
1191 2548 3
1191 2735 14
1192 1762 18
1192 2391 19
1193 2104 16
1193 2161 13
1193 2759 3
1194 2046 9
1194 2332 9
1195 1987 18
1195 2041 12
1196 1971 19
1196 2429 18
1197 2617 11
1197 2649 11
1198 1980 4
1199 2185 19
1199 2225 10
1199 2377 10
1200 2305 1
1201 1727 16
1201 2722 4
1202 2560 20
1203 1658 16
1204 1520 7
1204 1836 13
1205 1925 3
1205 2015 14
1206 1767 10
1206 2082 10
1206 2456 4
1207 1713 10
1207 2441 11
1207 2555 12
1207 2786 14
1208 2130 17
1209 1684 12
1209 2304 2
1210 1641 15
1210 2676 17
1211 2197 10
1212 2149 2
1212 2386 6
1213 2024 13
1213 2307 13
1214 1885 20
1215 1429 18
1215 2388 8
1216 1529 15
1216 2471 10
1216 2687 5
1217 1559 18
1218 1407 9
1218 1489 17
1219 1941 6
1220 1755 9
1220 2441 2
1221 2538 7
1222 1557 5
1222 1740 6
1222 2218 17
1223 1581 2
1223 2041 16
1224 1593 3
1224 2048 7
1224 2565 9
1225 2405 3
1225 2549 14
1225 2748 11
1226 1672 11
1226 2769 18
1227 1977 4
1227 2405 16
1227 2658 11
1228 1535 11
1228 2444 12
1229 2280 3
1230 1923 16
1230 2384 20
1231 1634 4
1231 1806 2
1231 2234 6
1232 1659 17
1232 2494 17
1233 1569 7
1233 2770 3
1234 1576 7
1235 1681 11
1235 1769 16
1236 1664 10
1237 1446 9
1237 1494 17
1238 1402 8
1238 1465 11
1239 1831 2
1240 1729 8
1240 2031 11
1241 1423 3
1241 2171 5
1241 2306 13
1242 2275 16
1243 2032 15
1243 2394 19
1244 1858 11
1244 2757 11
1245 1622 10
1245 1679 6
1245 1709 19
1246 1535 17
1246 2055 8
1247 1442 1
1247 2040 10
1247 2362 20
1247 2764 11
1248 1991 3
1248 2379 12
1249 1668 13
1249 1878 3
1249 2201 9
1250 2417 3
1250 2753 7
1251 2755 5
1252 2003 13
1253 1881 14
1253 1922 10
1253 2572 19
1254 2025 10
1254 2113 8
1255 2058 9
1256 1899 10
1256 2240 4
1256 2334 19
1256 2493 4
1257 1637 18
1257 1906 12
1258 1659 20
1259 2159 14
1260 1800 13
1260 1997 8
1260 2146 20
1261 1785 17
1261 1844 12
1261 1889 1
1262 2002 2
1262 2304 2
1263 1557 13
1264 1457 12
1264 1791 10
1264 2684 1
1265 1496 20
1265 1720 9
1265 2045 5
1266 1791 4
1267 1573 12
1267 2051 12
1268 1536 8
1268 2677 3
1269 1455 20
1270 1493 17
1270 2626 1
1271 1725 6
1271 2439 17
1271 2596 10
1271 2729 14
1272 1845 17
1272 1982 13
1273 2754 4
1274 1801 18
1275 1615 20
1275 2766 18
1276 1773 5
1277 1702 18
1277 2386 10
1277 2667 8
1278 1773 12
1278 1925 1
1279 2092 4
1279 2278 9
1280 2595 17
1281 2434 1
1281 2654 16
1282 1538 8
1283 1739 10
1283 2118 20
1284 1819 20
1285 1623 4
1285 2324 12
1286 1758 5
1286 1805 14
1286 1886 17
1286 2199 7
1286 2417 8
1287 2115 6
1288 2357 19
1289 2286 14
1290 2553 20
1290 2685 20
1291 1813 19
1291 2091 10
1292 1870 6
1292 2400 20
1293 1740 3
1293 1863 8
1294 1569 5
1295 2080 4
1296 1649 9
1296 1913 3
1296 2453 11
1297 2114 14
1298 1531 16
1298 1701 19
1299 2755 14
1299 2791 13
1300 1435 10
1300 2762 15
1301 2167 12
1302 2686 16
1303 1677 4
1303 1838 19
1303 2552 14
1304 2075 10
1304 2586 12
1305 1460 2
1305 1638 6
1305 1937 12
1305 1948 1
1306 1414 5
1306 1510 17
1307 1415 3
1307 1495 11
1307 2397 15
1308 1519 2
1308 2049 1
1309 2668 15
1310 2444 20
1311 1431 17
1311 2710 3
1312 1419 9
1313 2180 11
1313 2269 9
1313 2597 19
1314 1927 10
1314 1956 10
1314 2741 5
1315 1976 12
1316 2089 7
1317 2023 18
1317 2386 19
1317 2410 19
1317 2464 19
1317 2482 19
1317 2652 9
1318 1654 13
1318 2200 19
1319 2786 15
1320 1468 16
1320 1818 11
1321 1691 12
1321 2427 9
1322 1413 1
1322 1895 1
1322 1977 18
1323 2004 2
1323 2209 3
1323 2657 12
1324 1788 6
1324 2159 1
1325 2082 19
1325 2743 6
1326 1425 19
1327 1529 15
1327 1673 13
1328 2756 9
1329 1589 12
1330 2028 2
1331 1903 3
1331 2779 12
1332 1473 16
1332 1882 8
1332 2107 3
1333 1668 3
1333 2666 8
1334 1621 2
1334 2004 1
1335 1492 12
1335 1647 17
1335 1851 20
1336 1807 13
1336 2559 12
1337 2620 17
1338 1944 3
1338 2350 9
1339 1694 17
1339 1964 18
1340 1564 14
1340 2001 15
1341 1620 11
1342 1478 1
1343 1764 9
1343 2424 17
1344 1491 1
1344 2683 3
1345 1715 1
1345 1846 15
1346 1666 15
1346 2758 14
1347 2642 20
1348 2294 6
1349 1723 5
1349 1927 15
1350 1787 19
1350 2346 17
1351 1441 5
1352 1575 8
1352 2143 1
1353 1753 17
1353 2109 13
1354 1860 6
1354 2210 7
1355 1734 16
1355 1777 19
1355 2328 19
1356 2449 8
1356 2637 16
1357 2378 11
1357 2775 10
1358 1658 7
1358 2478 16
1359 1560 1
1359 1565 17
1359 2619 4
1360 2427 3
1361 2247 15
1362 2378 15
1362 2524 13
1363 2010 4
1363 2288 15
1363 2445 8
1364 1554 3
1364 2685 8
1365 1837 11
1365 1980 8
1365 2532 5
1366 2195 20
1367 1637 19
1367 2532 8
1368 1489 17
1368 1880 19
1369 1822 20
1369 1831 9
1369 1858 6
1370 1528 9
1370 1850 1
1371 1410 16
1371 2327 7
1371 2515 12
1372 1872 4
1373 2024 15
1373 2317 3
1373 2622 10
1374 1415 1
1374 2570 17
1375 2622 12
1376 1696 14
1376 2661 2
1377 1399 2
1377 1842 9
1377 2520 8
1378 1686 18
1379 2680 9
1379 2786 6
1380 1504 2
1380 1559 4
1380 2710 3
1381 1539 10
1381 1871 20
1381 2440 15
1382 2131 11
1383 2277 6
1384 1468 2
1384 2318 10
1384 2509 20
1385 2283 16
1385 2601 2
1386 2300 10
1386 2490 11
1387 1662 1
1388 1966 9
1389 2475 14
1390 1594 12
1390 2108 19
1390 2713 11
1391 2700 14
1391 2787 11
1392 2557 2
1393 2621 1
1394 1882 12
1394 2522 7
1395 1533 14
1395 2116 15
1396 1453 6
1396 2019 5
1396 2724 2
1397 823 14
1397 916 5
1397 1138 2
1398 510 7
1398 644 4
1399 87 12
1399 1377 14
1400 409 20
1401 56 17
1401 101 3
1401 1056 15
1402 1238 19
1403 197 16
1403 285 17
1404 162 13
1404 1092 20
1404 1143 7
1405 403 12
1406 1094 3
1407 719 9
1407 1218 10
1408 705 14
1408 893 12
1409 639 1
1409 963 19
1410 622 6
1410 1371 6
1411 163 6
1411 1088 9
1412 138 9
1412 832 3
1413 1322 16
1414 1306 4
1415 110 5
1415 1307 8
1415 1374 4
1416 189 13
1416 868 11
1416 1115 13
1417 351 15
1417 477 12
1417 552 7
1418 292 4
1419 498 5
1419 1115 5
1419 1312 12
1420 534 18
1420 936 17
1420 983 18
1421 372 17
1421 523 9
1421 602 3
1421 913 16
1422 176 3
1422 614 7
1422 626 7
1423 1241 1
1424 506 1
1424 1049 4
1425 459 1
1425 1159 17
1425 1326 4
1426 485 2
1427 777 11
1427 944 1
1428 572 8
1428 630 9
1429 407 3
1429 1215 11
1430 894 6
1430 1085 2
1431 260 13
1431 719 9
1431 1311 4
1432 1121 15
1433 531 6
1433 557 10
1434 346 15
1435 1057 6
1435 1177 3
1435 1300 3
1436 991 1
1437 405 11
1438 965 2
1438 1146 13
1439 46 4
1440 580 12
1441 775 9
1441 1351 16
1442 317 10
1442 689 1
1442 788 6
1442 1247 16
1443 281 3
1443 716 17
1444 316 5
1444 992 6
1445 699 16
1445 854 17
1446 170 18
1446 1237 1
1447 489 17
1447 1184 5
1448 750 3
1449 331 13
1449 504 10
1450 86 7
1451 412 10
1451 541 18
1452 789 7
1452 911 10
1453 1128 15
1453 1396 7
1454 1002 14
1454 1052 13
1455 639 16
1455 1269 16
1456 675 18
1456 746 15
1457 1264 17
1458 295 7
1458 619 1
1458 751 15
1459 870 13
1460 444 2
1460 1166 15
1460 1305 20
1461 200 10
1461 588 14
1462 69 14
1462 659 5
1462 808 9
1463 503 12
1463 650 16
1463 1078 12
1464 139 18
1464 435 15
1465 157 14
1465 1139 5
1465 1238 17
1466 402 6
1466 644 7
1467 344 1
1467 628 3
1468 481 16
1468 1320 10
1468 1384 6
1469 450 20
1469 527 13
1469 594 11
1470 57 1
1471 109 14
1471 621 10
1471 675 6
1471 764 6
1472 178 18
1472 200 3
1473 50 2
1473 1332 4
1474 8 2
1474 753 7
1475 410 8
1475 1006 4
1476 3 15
1476 190 2
1477 183 18
1478 1067 20
1478 1342 13
1479 1184 5
1480 573 14
1480 693 11
1480 951 17
1480 1096 16
1481 811 5
1481 1016 4
1482 625 1
1482 692 13
1482 825 1
1483 181 4
1483 852 10
1484 1083 18
1485 335 12
1485 666 16
1486 235 5
1486 786 10
1487 545 8
1487 596 8
1487 816 17
1487 964 6
1488 69 9
1488 256 8
1489 1218 6
1489 1368 7
1490 685 20
1491 1344 17
1492 356 20
1492 1002 9
1492 1335 2
1493 438 5
1493 1270 3
1494 165 18
1494 1237 11
1495 8 4
1495 556 15
1495 661 6
1495 1307 6
1496 6 20
1496 1265 13
1497 520 6
1498 702 18
1499 562 1
1499 953 8
1499 1028 12
1500 235 2
1500 733 19
1501 5 4
1501 359 18
1501 898 7
1502 338 1
1502 361 20
1502 507 19
1503 216 19
1503 246 7
1503 283 14
1504 35 12
1504 109 20
1504 1380 14
1505 380 1
1505 1056 11
1506 148 9
1506 460 11
1507 270 10
1507 1175 9
1508 211 13
1508 1178 13
1509 687 9
1509 822 19
1510 241 9
1510 1306 15
1511 238 8
1511 244 7
1511 656 20
1512 292 12
1512 946 12
1513 743 8
1513 1078 17
1514 488 17
1514 972 19
1515 1058 14
1516 272 9
1517 1079 15
1517 1153 18
1518 819 9
1518 1089 7
1519 1308 8
1520 24 15
1520 747 18
1520 1204 4
1521 287 6
1521 899 18
1522 88 12
1522 1123 6
1523 390 10
1523 1057 9
1524 63 7
1524 694 18
1524 837 13
1525 561 12
1525 670 11
1526 661 12
1527 454 6
1528 572 6
1528 1111 6
1528 1370 19
1529 466 15
1529 669 18
1529 1216 16
1529 1327 15
1530 98 15
1530 722 6
1530 1048 16
1531 624 5
1531 1298 17
1532 494 4
1533 1155 18
1533 1395 3
1534 414 7
1534 537 8
1535 1228 14
1535 1246 15
1536 627 19
1536 1268 4
1537 144 10
1537 504 15
1538 1016 9
1538 1282 2
1539 350 12
1539 1381 8
1540 780 12
1540 809 12
1541 863 3
1541 1000 18
1542 558 17
1542 908 1
1543 314 6
1544 374 4
1545 861 4
1545 1166 9
1546 253 7
1546 867 10
1546 1189 14
1547 618 20
1548 968 17
1548 1113 8
1549 596 4
1549 707 10
1550 544 12
1550 702 12
1550 952 20
1551 1074 2
1552 384 12
1552 507 20
1553 208 1
1553 1102 4
1553 1118 20
1554 890 20
1554 1364 2
1555 100 6
1555 562 18
1556 232 9
1556 1005 5
1557 94 9
1557 1185 12
1557 1222 3
1557 1263 2
1558 145 11
1558 357 10
1558 1093 9
1559 1217 1
1559 1380 7
1560 1359 18
1561 408 9
1561 580 19
1562 591 15
1563 756 2
1564 1177 4
1564 1340 18
1565 227 11
1565 1359 1
1566 86 2
1566 669 13
1567 613 9
1567 662 14
1568 447 5
1568 606 19
1569 111 4
1569 706 20
1569 1233 12
1569 1294 3
1570 10 6
1570 556 7
1570 1005 13
1571 572 4
1572 555 11
1572 847 15
1573 1036 2
1573 1267 2
1574 582 13
1575 593 12
1575 1352 15
1576 229 9
1576 1234 13
1577 399 9
1577 595 1
1577 655 19
1578 54 9
1579 268 1
1579 1028 12
1579 1122 9
1580 118 17
1580 708 20
1581 171 19
1581 1223 8
1582 389 5
1583 754 17
1583 794 8
1584 715 18
1584 1157 12
1585 615 9
1585 855 13
1586 1131 5
1587 676 20
1588 664 9
1589 1010 16
1589 1329 2
1590 220 6
1591 727 17
1592 53 17
1592 1098 10
1593 790 20
1593 1224 5
1594 795 13
1594 1010 20
1594 1390 2
1595 240 5
1595 944 2
1596 1079 12
1597 258 10
1597 892 20
1598 337 15
1598 774 1
1599 801 2
1600 773 3
1601 118 9
1601 373 11
1601 895 11
1602 236 4
1602 518 14
1602 607 4
1602 645 14
1602 963 1
1603 94 13
1604 539 14
1605 191 12
1605 334 15
1605 430 10
1606 74 20
1606 496 6
1607 84 10
1607 1061 8
1608 105 3
1608 270 8
1609 94 13
1609 602 6
1610 499 15
1611 51 7
1611 433 1
1611 910 12
1612 393 13
1612 451 5
1613 303 11
1613 935 1
1614 323 19
1614 394 12
1615 682 7
1615 1028 2
1615 1275 12
1616 1147 10
1617 152 1
1617 698 13
1617 1059 2
1617 1156 15
1618 538 5
1618 845 16
1618 915 9
1618 960 5
1619 684 19
1619 770 13
1620 696 7
1620 1341 1
1621 442 18
1621 756 19
1621 1334 3
1622 856 2
1622 1245 8
1623 312 12
1623 1285 10
1624 9 20
1625 141 16
1625 979 5
1626 317 15
1627 436 20
1627 821 9
1628 501 9
1628 723 13
1629 1111 9
1630 349 7
1630 619 19
1630 698 19
1630 1068 19
1631 495 5
1632 658 16
1632 708 19
1633 263 17
1633 433 11
1634 361 5
1634 1231 4
1635 45 5
1635 85 20
1635 378 19
1636 837 15
1637 1257 15
1637 1367 7
1638 843 11
1638 1305 3
1639 286 19
1639 482 18
1640 487 4
1640 1133 7
1641 681 2
1641 726 17
1641 897 6
1641 1210 9
1642 379 7
1642 895 4
1643 515 10
1643 642 12
1644 1085 9
1645 543 2
1646 690 9
1646 1132 2
1647 774 18
1647 1105 17
1647 1335 13
1648 738 19
1649 1116 7
1649 1296 7
1650 517 15
1651 249 14
1651 1125 20
1652 116 11
1652 633 17
1653 583 20
1653 761 19
1653 1060 14
1654 1318 3
1655 903 12
1656 357 20
1656 385 16
1656 725 3
1657 14 14
1658 1203 13
1658 1358 9
1659 1232 13
1659 1258 2
1660 533 7
1660 956 1
1661 42 20
1661 293 3
1662 344 16
1662 1387 13
1663 891 6
1664 521 16
1664 785 6
1664 858 10
1664 1236 5
1665 241 14
1665 775 9
1665 850 6
1666 361 7
1666 1346 18
1667 874 10
1667 988 20
1668 1249 17
1668 1333 13
1669 593 16
1669 955 5
1670 560 11
1671 276 4
1672 218 1
1672 553 15
1672 603 6
1672 1226 10
1673 508 4
1673 637 8
1673 1327 13
1674 964 8
1675 564 13
1676 458 9
1676 701 1
1677 17 2
1677 451 10
1677 1303 20
1678 266 4
1678 654 6
1679 1245 15
1680 214 3
1680 243 2
1681 230 15
1681 922 20
1681 1235 10
1682 584 15
1682 932 12
1683 81 15
1684 334 9
1684 829 20
1684 1209 18
1685 810 16
1686 587 8
1686 769 1
1686 1050 4
1686 1378 11
1687 387 15
1687 439 17
1688 1012 17
1688 1015 19
1689 1045 5
1690 628 19
1691 1321 19
1692 505 16
1693 32 16
1693 241 7
1694 509 17
1694 530 15
1694 1339 14
1695 1055 7
1696 1376 6
1697 56 14
1697 590 13
1698 27 13
1699 245 10
1699 1089 9
1700 81 20
1700 429 16
1700 713 1
1701 23 20
1701 1167 5
1701 1298 17
1702 621 7
1702 1277 12
1703 499 12
1703 1146 11
1704 396 14
1705 789 8
1706 123 5
1706 315 13
1706 595 14
1707 147 12
1708 311 12
1709 559 14
1709 676 15
1709 1245 2
1710 1001 16
1711 186 16
1712 305 10
1713 1207 19
1714 70 8
1714 179 20
1715 237 15
1715 431 19
1715 1109 18
1715 1345 16
1716 531 20
1716 1116 4
1717 581 9
1717 1050 7
1718 77 12
1718 750 15
1718 896 17
1719 198 10
1719 373 14
1720 547 16
1720 1130 1
1720 1265 15
1721 586 20
1721 661 11
1722 723 10
1723 1349 3
1724 71 12
1725 1271 5
1726 435 17
1726 831 19
1727 1201 19
1728 647 3
1729 677 2
1729 1240 8
1730 434 15
1731 237 1
1732 273 15
1733 208 8
1733 517 12
1734 692 9
1734 1355 11
1735 1172 2
1736 823 18
1737 247 18
1738 792 18
1738 906 13
1739 400 19
1739 638 20
1739 664 19
1739 1283 4
1740 646 12
1740 1222 18
1740 1293 4
1741 234 17
1742 677 1
1742 844 9
1742 1134 2
1743 199 6
1743 1113 10
1744 87 13
1744 996 4
1745 608 3
1745 1072 12
1746 404 2
1746 1042 18
1747 385 3
1748 408 6
1748 750 17
1749 30 16
1750 259 6
1750 637 1
1751 40 3
1752 102 17
1752 761 12
1753 209 8
1753 1353 8
1754 913 2
1754 1082 17
1755 1220 19
1756 97 15
1756 749 7
1757 233 8
1757 1145 9
1758 1286 20
1759 74 17
1759 691 19
1760 353 3
1760 480 16
1761 116 7
1761 178 1
1762 1192 7
1763 175 20
1764 1343 17
1765 452 19
1765 474 1
1766 462 10
1767 506 13
1767 768 11
1767 1023 17
1767 1206 2
1768 538 8
1769 1235 4
1770 113 6
1770 787 2
1771 587 4
1772 193 2
1773 612 6
1773 1276 13
1773 1278 5
1774 89 14
1775 224 4
1775 378 7
1776 150 17
1776 589 13
1777 1355 11
1778 484 16
1778 624 10
1779 21 6
1779 858 17
1780 152 7
1780 1070 19
1781 605 13
1781 729 9
1781 849 17
1782 496 6
1783 87 1
1784 634 18
1784 876 17
1785 76 2
1785 364 13
1785 440 12
1785 1261 2
1786 1061 5
1787 591 19
1787 877 14
1787 1350 10
1788 365 5
1788 1324 5
1789 233 1
1789 392 16
1789 446 10
1790 17 14
1790 249 8
1791 996 7
1791 1264 11
1791 1266 16
1792 491 14
1792 834 17
1793 930 16
1794 127 19
1794 1103 9
1795 184 6
1795 934 11
1795 962 15
1796 400 14
1796 1190 4
1797 72 3
1797 581 2
1798 120 10
1798 884 17
1799 590 16
1800 143 3
1800 1260 12
1801 689 17
1801 1274 14
1802 426 10
1803 505 20
1803 537 8
1804 853 20
1804 855 10
1805 1286 5
1806 1231 18
1807 773 19
1807 1336 14
1808 640 20
1808 785 1
1809 921 10
1810 471 2
1810 618 2
1811 36 3
1811 704 3
1812 1173 17
1813 741 17
1813 1291 18
1814 194 16
1815 861 15
1816 62 8
1816 577 15
1816 942 15
1817 477 15
1818 276 20
1818 712 6
1818 933 17
1818 1320 4
1819 991 14
1819 1284 17
1820 299 12
1821 751 13
1821 918 11
1822 99 11
1822 1369 11
1823 511 6
1823 939 16
1824 974 14
1825 507 1
1825 539 1
1826 236 20
1826 700 20
1827 599 17
1827 1073 18
1828 535 17
1828 574 9
1828 629 3
1829 108 8
1829 362 10
1829 1033 7
1829 1162 13
1830 560 3
1830 1063 5
1831 75 3
1831 1239 13
1831 1369 8
1832 30 1
1832 391 8
1832 659 12
1833 434 8
1833 950 1
1833 971 8
1834 623 3
1835 215 12
1835 924 2
1835 1113 4
1836 235 15
1836 800 19
1836 1204 8
1837 526 12
1837 1365 17
1838 76 19
1838 1303 8
1839 205 11
1839 696 13
1840 409 14
1841 819 16
1841 1078 10
1842 1377 14
1843 1135 5
1843 1143 6
1844 417 7
1844 1261 13
1845 422 15
1845 1114 7
1845 1272 19
1846 929 14
1846 1345 18
1847 1020 12
1848 156 18
1848 201 8
1849 690 11
1850 1370 5
1851 1171 14
1851 1335 5
1852 767 11
1852 928 1
1853 358 19
1853 479 15
1854 134 15
1854 1014 20
1855 90 4
1856 875 18
1857 409 14
1858 1044 15
1858 1244 14
1858 1369 3
1859 134 16
1859 1029 9
1860 766 3
1860 1354 11
1861 12 18
1861 978 5
1862 550 2
1863 367 10
1863 1293 20
1864 1037 4
1865 195 6
1865 909 19
1866 413 11
1866 603 6
1866 611 9
1866 631 1
1867 304 6
1867 761 10
1868 88 5
1868 648 9
1868 692 18
1869 60 1
1869 79 16
1869 329 13
1870 1027 1
1870 1292 13
1871 1381 6
1872 828 8
1872 1372 2
1873 336 16
1873 849 10
1874 476 7
1874 1121 8
1875 351 19
1875 1114 4
1876 401 1
1877 568 14
1877 766 3
1878 547 11
1878 695 7
1878 1249 5
1879 838 7
1880 254 13
1880 1127 11
1880 1181 19
1880 1368 6
1881 423 1
1881 1253 8
1882 262 1
1882 674 4
1882 1332 14
1882 1394 11
1883 842 4
1883 844 3
1884 45 2
1885 353 5
1885 616 9
1885 1214 15
1886 307 17
1886 927 6
1886 1286 14
1887 718 12
1887 1035 10
1888 26 16
1888 853 15
1889 318 6
1889 363 4
1889 1261 9
1890 44 4
1890 197 13
1890 1041 13
1891 545 14
1891 893 12
1892 68 10
1892 470 1
1892 838 13
1893 912 4
1893 1149 15
1894 184 2
1895 495 16
1895 1322 3
1896 886 9
1896 1174 11
1897 123 9
1898 694 20
1898 1040 2
1899 670 17
1899 699 11
1899 1256 20
1900 228 11
1901 936 4
1902 182 12
1902 1044 1
1903 684 17
1903 1331 9
1904 181 2
1904 737 20
1905 205 17
1906 857 3
1906 1257 5
1907 290 8
1907 1005 4
1908 112 20
1908 536 4
1909 901 18
1909 933 20
1910 1070 11
1911 11 17
1911 332 8
1912 334 12
1912 680 6
1913 1296 10
1914 752 6
1915 832 19
1915 1167 16
1916 195 15
1916 524 5
1917 415 15
1917 997 19
1918 411 4
1919 368 16
1920 320 1
1920 337 2
1921 41 4
1921 543 10
1921 872 5
1922 686 15
1922 1013 20
1922 1253 10
1923 956 11
1923 971 7
1923 1230 3
1924 88 10
1924 961 19
1925 1205 17
1925 1278 16
1926 169 20
1926 550 12
1927 61 16
1927 1314 5
1927 1349 7
1928 540 8
1929 340 2
1929 604 8
1929 620 20
1930 546 20
1931 89 12
1931 339 3
1931 1026 12
1932 57 16
1932 419 17
1932 554 17
1933 688 7
1933 833 11
1934 316 6
1935 978 3
1935 1153 16
1936 261 7
1936 1075 1
1937 281 13
1937 1305 12
1938 1187 8
1939 486 20
1939 903 3
1940 228 10
1940 313 7
1940 764 6
1941 492 11
1941 1219 5
1942 160 10
1942 237 19
1942 1099 6
1943 680 11
1944 1338 13
1945 643 9
1945 835 8
1946 320 2
1946 325 15
1947 758 8
1947 999 13
1948 637 4
1948 1090 2
1948 1305 1
1949 326 20
1950 210 5
1950 464 18
1950 1153 11
1950 1156 6
1951 781 5
1951 1021 10
1952 1058 14
1953 320 13
1953 998 3
1954 26 12
1954 814 20
1955 731 20
1955 1055 18
1956 428 14
1956 586 5
1956 1044 6
1956 1188 11
1956 1314 13
1957 738 6
1957 799 19
1958 115 9
1958 876 15
1958 958 1
1959 98 14
1959 805 10
1959 810 3
1960 204 19
1961 1070 13
1962 210 20
1963 704 14
1963 1073 3
1964 351 12
1964 672 16
1964 1107 15
1964 1339 20
1965 296 1
1965 467 10
1965 773 16
1966 421 12
1966 771 14
1966 1388 2
1967 4 11
1967 336 11
1967 797 11
1968 510 15
1969 358 5
1970 381 3
1970 937 17
1971 257 13
1971 1149 5
1971 1196 16
1972 33 5
1972 120 4
1972 278 10
1973 237 4
1974 5 1
1974 525 5
1975 247 1
1975 271 18
1975 523 7
1976 114 10
1976 1315 2
1977 890 9
1977 1227 6
1977 1322 19
1978 371 7
1978 697 6
1979 43 16
1979 103 16
1980 757 10
1980 974 18
1980 1198 9
1980 1365 20
1981 561 19
1981 613 3
1982 473 1
1982 881 6
1982 1003 9
1982 1272 9
1983 105 15
1984 607 13
1985 365 12
1985 1060 19
1985 1186 14
1986 469 2
1987 305 17
1987 670 2
1987 731 18
1987 1195 7
1988 551 2
1989 892 16
1989 1025 7
1990 73 18
1991 1248 6
1992 808 6
1993 716 11
1994 220 7
1994 291 19
1995 309 9
1995 975 18
1996 1174 20
1997 1260 12
1998 592 2
1999 226 2
1999 1054 6
2000 337 8
2000 382 3
2001 905 16
2001 1340 8
2002 1262 7
2003 641 4
2003 909 1
2003 1176 10
2003 1252 3
2004 1116 17
2004 1323 10
2004 1334 5
2005 248 18
2005 737 17
2006 154 18
2006 192 14
2006 689 4
2007 813 18
2008 485 13
2008 690 14
2008 758 2
2008 781 16
2009 280 17
2009 873 7
2010 250 13
2010 970 4
2010 1081 12
2010 1363 17
2011 654 1
2011 687 15
2012 1120 13
2013 806 2
2014 136 1
2015 66 4
2015 654 15
2015 1205 15
2016 678 18
2016 1104 16
2016 1141 13
2017 455 4
2017 1022 4
2018 821 11
2019 1396 13
2020 812 8
2020 1169 3
2021 21 11
2021 1120 10
2022 225 6
2022 322 11
2022 333 5
2023 1317 16
2024 891 12
2024 1213 8
2024 1373 3
2025 1254 8
2026 884 17
2027 38 1
2027 150 16
2027 348 5
2028 1073 15
2028 1330 3
2029 638 20
2030 358 15
2030 370 18
2030 667 9
2030 914 6
2030 1076 12
2031 1240 11
2032 850 8
2032 1243 10
2033 328 11
2034 844 8
2035 67 1
2035 780 18
2035 958 8
2035 981 8
2036 453 1
2036 567 19
2037 454 7
2037 533 3
2037 754 1
2038 368 20
2038 535 11
2039 519 6
2040 250 12
2040 1247 14
2041 1195 1
2041 1223 17
2042 18 19
2042 319 14
2042 412 9
2043 641 5
2043 1001 18
2044 148 20
2044 282 17
2045 165 4
2045 1265 8
2046 396 11
2046 480 11
2046 1194 12
2047 582 7
2047 718 13
2047 802 17
2048 1224 2
2049 690 20
2049 1308 14
2050 211 15
2050 1030 7
2051 1267 2
2052 7 20
2052 1043 6
2053 432 10
2053 673 1
2053 997 19
2054 492 9
2054 875 5
2055 1246 9
2056 188 7
2057 606 18
2057 995 3
2058 764 6
2058 1255 5
2059 724 15
2060 832 7
2061 150 19
2061 406 13
2062 725 7
2062 1011 14
2063 446 4
2063 565 6
2064 80 6
2064 1100 14
2065 652 20
2065 714 12
2066 166 11
2066 715 19
2066 876 7
2066 902 16
2067 190 5
2067 202 11
2068 513 8
2069 769 15
2070 552 5
2071 976 1
2071 1139 19
2072 224 5
2073 383 19
2074 882 8
2074 1071 6
2075 1304 3
2076 852 8
2076 1100 9
2077 542 19
2077 966 18
2078 952 13
2079 148 16
2080 1164 7
2080 1295 13
2081 1112 4
2081 1172 4
2082 1206 13
2082 1325 20
2083 937 1
2084 684 13
2084 1097 19
2085 485 2
2086 1034 15
2087 136 9
2087 1185 3
2088 347 15
2088 1066 15
2089 1001 14
2089 1316 9
2090 151 5
2090 459 15
2090 921 11
2091 1291 20
2092 763 9
2092 1279 16
2093 436 4
2093 1103 2
2094 465 12
2094 688 17
2095 934 12
2096 950 3
2096 1180 4
2097 1023 18
2097 1159 19
2098 789 11
2098 1000 1
2098 1081 20
2099 739 18
2099 844 16
2099 1067 14
2100 132 14
2100 377 17
2101 874 2
2102 161 12
2103 386 2
2104 43 12
2104 403 13
2104 1193 11
2105 171 13
2105 1062 12
2106 160 2
2107 475 12
2107 1332 3
2108 425 17
2108 1069 17
2108 1390 1
2109 845 14
2109 1008 4
2109 1353 7
2110 993 6
2110 1050 9
2111 448 4
2111 795 15
2111 960 7
2112 504 13
2112 829 5
2113 346 5
2113 1254 6
2114 236 6
2114 989 7
2114 1297 10
2115 894 7
2115 1088 6
2115 1117 6
2115 1287 15
2116 84 2
2116 1395 14
2117 267 10
2117 308 4
2118 28 8
2118 1283 9
2119 305 6
2119 420 7
2120 261 5
2120 587 10
2121 411 10
2121 673 9
2122 617 9
2123 662 11
2123 745 5
2124 66 20
2125 695 6
2126 848 20
2126 899 16
2127 122 12
2127 932 10
2128 876 5
2129 275 10
2129 861 7
2129 1187 6
2130 996 18
2130 1208 14
2131 318 15
2131 1382 13
2132 125 17
2133 10 6
2134 34 15
2134 1063 20
2135 638 2
2135 1020 12
2136 902 1
2137 710 17
2137 765 15
2138 126 7
2138 1182 12
2139 214 9
2139 322 15
2139 552 16
2140 620 12
2140 683 15
2140 784 15
2141 256 18
2142 419 2
2143 220 10
2143 1352 16
2144 463 14
2144 524 3
2144 726 13
2145 205 2
2145 890 19
2146 520 11
2146 870 19
2146 1260 19
2147 413 13
2147 570 12
2147 907 16
2148 876 3
2149 709 15
2149 1212 20
2150 462 8
2150 817 14
2151 470 12
2152 667 9
2153 59 20
2153 782 6
2154 82 1
2154 533 9
2155 454 9
2155 1091 5
2156 369 11
2157 491 16
2157 923 4
2158 396 17
2159 1259 18
2159 1324 13
2160 346 6
2160 711 5
2160 930 16
2160 1104 15
2161 1193 2
2162 848 7
2162 943 4
2163 362 10
2163 740 6
2164 595 7
2165 992 13
2166 43 3
2166 846 5
2167 59 11
2167 270 18
2167 819 8
2167 1301 12
2168 742 15
2169 804 11
2169 1154 12
2170 20 7
2171 483 2
2171 1024 9
2171 1241 12
2172 117 15
2172 463 13
2173 383 16
2173 801 8
2173 1109 8
2174 269 13
2175 334 3
2176 137 17
2176 239 7
2177 1096 4
2177 1151 2
2178 759 4
2178 839 10
2179 461 4
2179 495 10
2180 657 7
2180 1313 19
2181 301 6
2181 693 6
2182 239 15
2182 563 4
2183 1141 6
2184 278 4
2184 375 15
2184 1030 12
2185 514 2
2185 900 19
2185 1199 1
2186 52 10
2186 761 15
2186 825 19
2186 1108 16
2187 20 1
2187 177 4
2187 445 18
2187 466 3
2187 790 20
2188 863 4
2189 776 1
2189 979 20
2189 1145 15
2190 652 11
2191 226 17
2192 711 16
2192 793 14
2193 1062 20
2194 252 18
2194 739 5
2195 630 15
2195 764 5
2195 1366 7
2196 90 15
2196 274 16
2196 450 13
2197 91 5
2197 1211 16
2198 56 13
2199 1105 15
2199 1286 4
2200 846 1
2200 1056 4
2200 1318 17
2201 748 14
2201 1249 12
2202 9 7
2202 599 10
2202 906 11
2203 549 19
2203 1024 16
2204 969 9
2204 1031 14
2205 458 17
2206 514 8
2206 877 8
2207 762 2
2207 807 17
2208 457 12
2208 910 8
2208 1140 10
2209 1323 19
2210 62 5
2210 204 17
2210 1354 11
2211 847 5
2212 1124 3
2213 943 13
2214 407 10
2214 1112 3
2215 238 5
2215 1129 12
2216 254 8
2216 737 3
2216 1126 4
2217 1092 2
2217 1144 14
2218 713 6
2218 1222 7
2219 272 4
2219 476 16
2219 798 9
2220 456 14
2220 660 7
2221 130 18
2222 648 5
2223 9 20
2223 240 14
2223 957 15
2224 459 2
2225 931 4
2225 1199 12
2226 1044 5
2227 828 18
2228 566 16
2229 1024 12
2230 877 6
2230 1053 10
2231 636 7
2232 768 14
2232 830 8
2232 1148 10
2233 1178 2
2234 494 12
2234 501 10
2234 720 12
2234 1231 17
2235 47 3
2235 503 7
2236 748 14
2236 967 9
2237 32 12
2237 643 6
2238 413 10
2239 207 6
2239 213 6
2240 783 10
2240 1256 6
2241 59 11
2241 140 12
2241 1141 15
2242 341 1
2242 516 19
2243 153 16
2243 473 5
2244 1148 3
2245 371 8
2245 1007 16
2246 155 7
2246 596 18
2246 1028 11
2247 939 14
2247 1361 13
2248 65 20
2248 290 4
2249 1053 14
2250 245 19
2250 1026 15
2251 129 1
2251 153 8
2252 302 14
2253 3 9
2254 401 10
2254 732 16
2255 169 6
2256 675 17
2256 989 16
2257 121 16
2257 575 17
2257 833 4
2258 187 16
2259 947 16
2260 322 9
2260 497 4
2260 542 6
2261 490 11
2261 1146 2
2262 1059 13
2263 418 19
2263 879 1
2264 632 15
2264 995 4
2265 1016 10
2266 83 20
2266 691 18
2266 778 4
2267 990 10
2268 289 6
2268 509 16
2268 850 19
2269 1051 17
2269 1313 15
2270 576 3
2270 724 8
2271 2 3
2272 4 1
2272 216 4
2272 474 3
2272 600 19
2272 962 3
2273 292 8
2273 370 13
2273 1129 9
2273 1163 1
2274 749 7
2274 828 11
2274 837 14
2275 352 15
2275 1242 1
2276 1145 10
2277 681 2
2277 1383 10
2278 1279 3
2279 778 3
2279 969 6
2280 288 6
2280 1099 19
2280 1229 15
2281 366 4
2281 532 1
2282 1 19
2283 1385 10
2284 886 10
2284 990 6
2284 992 20
2284 1097 4
2285 410 12
2285 826 9
2285 1160 18
2286 951 14
2286 1289 11
2287 1093 8
2288 840 17
2288 1363 13
2289 625 15
2289 963 9
2289 1016 20
2290 321 4
2290 519 20
2291 250 7
2292 302 19
2292 449 13
2292 1009 14
2293 125 8
2293 162 19
2294 414 14
2294 1348 17
2295 573 1
2296 1136 2
2296 1183 19
2297 161 12
2297 221 19
2297 330 3
2297 379 16
2298 514 16
2298 859 14
2299 777 20
2300 9 12
2300 1386 8
2301 157 2
2301 954 8
2302 183 4
2302 454 15
2302 701 17
2303 392 4
2304 1209 12
2304 1262 16
2305 736 19
2305 1200 15
2306 1241 4
2307 902 14
2307 1213 13
2308 829 19
2308 923 9
2308 1183 20
2309 1041 12
2310 168 3
2310 377 5
2311 67 9
2311 126 10
2311 421 5
2312 722 6
2312 1086 7
2313 222 20
2313 1052 19
2314 172 1
2314 579 19
2315 186 10
2315 1098 7
2316 7 2
2316 121 8
2316 255 8
2316 1150 20
2317 985 14
2317 1373 12
2318 1384 7
2319 1165 15
2320 387 3
2320 980 15
2321 462 3
2321 487 2
2321 989 17
2322 71 7
2322 188 6
2322 298 16
2322 340 2
2323 559 3
2323 585 11
2323 928 3
2324 583 8
2324 1285 12
2325 284 10
2326 342 19
2326 450 19
2326 472 9
2327 1012 16
2327 1371 4
2328 493 4
2328 1034 2
2328 1355 9
2329 301 17
2329 470 9
2330 802 13
2330 869 10
2331 433 19
2331 1130 5
2332 1194 14
2333 277 2
2333 889 9
2334 666 14
2334 939 6
2334 1088 19
2334 1256 19
2335 217 3
2335 233 2
2336 397 9
2336 942 14
2337 635 11
2337 763 18
2338 725 10
2338 883 16
2339 215 8
2340 981 10
2341 175 15
2341 779 20
2342 34 11
2342 670 13
2343 541 11
2344 85 2
2344 159 5
2344 439 19
2345 187 10
2345 781 20
2345 805 10
2346 529 13
2346 1350 14
2347 548 14
2347 609 14
2347 854 14
2348 756 1
2348 1156 5
2349 338 9
2349 525 1
2350 232 18
2350 1338 15
2351 327 17
2351 1186 14
2352 92 13
2352 332 13
2352 1097 12
2353 513 6
2353 896 3
2354 4 8
2354 492 2
2354 717 9
2354 825 16
2354 1075 2
2355 1184 6
2356 49 4
2356 208 12
2357 197 9
2357 551 6
2357 921 11
2357 935 17
2357 1288 12
2358 184 10
2358 841 1
2358 1083 13
2359 213 13
2359 712 13
2360 908 13
2361 695 20
2362 324 17
2362 1247 1
2363 286 16
2363 558 5
2363 926 9
2364 465 5
2364 897 8
2365 668 3
2365 1019 2
2366 578 4
2366 679 4
2367 483 11
2368 122 15
2368 404 20
2369 962 20
2370 645 17
2370 926 12
2371 146 4
2371 827 9
2371 1141 20
2372 697 11
2372 707 3
2373 16 2
2373 555 9
2374 251 1
2374 327 16
2375 33 4
2375 377 3
2375 889 8
2376 660 10
2376 904 1
2377 33 16
2377 1199 15
2378 601 8
2378 1357 1
2378 1362 14
2379 1122 16
2379 1248 3
2380 1094 16
2381 151 6
2381 1168 4
2382 984 10
2383 195 5
2383 984 11
2384 779 2
2384 1230 12
2385 261 17
2385 499 5
2385 803 8
2386 919 12
2386 1212 3
2386 1277 10
2386 1317 10
2387 537 1
2388 212 9
2388 394 9
2388 1145 11
2388 1215 1
2389 54 2
2389 973 17
2389 1092 18
2390 427 3
2390 928 4
2390 1189 14
2391 869 17
2391 1192 2
2392 196 18
2392 818 14
2393 582 5
2394 1243 3
2395 466 1
2396 131 3
2397 306 17
2397 1307 13
2398 878 1
2399 514 6
2399 941 10
2400 982 4
2400 1292 3
2401 867 16
2401 959 7
2402 790 8
2402 1027 17
2403 1114 1
2404 503 17
2404 632 7
2405 1225 4
2405 1227 13
2406 986 1
2407 342 5
2407 1039 15
2408 715 1
2408 760 8
2409 168 12
2410 40 12
2410 1317 18
2411 366 4
2411 920 2
2412 1162 14
2413 263 14
2413 616 16
2414 114 2
2414 376 6
2415 135 12
2415 1168 4
2416 442 6
2417 112 9
2417 1023 8
2417 1250 1
2417 1286 3
2418 449 11
2418 607 15
2419 340 1
2419 498 2
2420 425 10
2421 457 11
2421 460 14
2422 197 7
2423 423 7
2424 872 13
2424 1343 6
2425 736 5
2425 945 2
2426 142 6
2426 619 11
2427 776 19
2427 1321 1
2427 1360 1
2428 234 6
2428 549 6
2429 1196 6
2430 131 2
2430 1128 13
2431 865 9
2431 1142 18
2432 820 9
2432 939 18
2433 860 2
2433 1102 13
2434 558 6
2434 1281 9
2435 917 2
2436 147 3
2436 493 15
2436 1131 3
2437 1143 11
2438 343 7
2438 1150 18
2439 152 14
2439 1271 2
2440 796 8
2440 1014 9
2440 1381 13
2441 1207 16
2441 1220 8
2442 61 12
2443 1051 14
2444 261 9
2444 671 13
2444 1228 12
2444 1310 2
2445 299 8
2445 1363 7
2446 862 15
2446 1058 10
2447 539 19
2447 564 6
2448 360 16
2448 617 20
2449 1356 12
2450 287 9
2450 524 8
2450 584 11
2450 691 20
2451 439 13
2451 673 2
2452 75 11
2453 818 17
2453 1296 5
2454 276 14
2454 1022 7
2455 95 15
2455 291 5
2456 1206 18
2457 332 1
2457 988 5
2458 611 2
2458 1077 3
2459 623 2
2460 340 3
2461 925 18
2462 92 9
2462 272 20
2462 949 4
2463 734 20
2463 1176 11
2464 124 7
2464 242 8
2464 1317 6
2465 230 10
2465 282 19
2466 257 1
2466 755 5
2466 814 10
2467 468 11
2468 629 19
2468 742 11
2469 133 5
2469 591 17
2469 668 18
2470 219 17
2470 261 7
2470 528 1
2471 977 12
2471 1047 18
2471 1216 16
2472 703 2
2472 830 6
2473 1036 7
2473 1037 11
2473 1138 10
2474 862 2
2474 1020 13
2475 119 18
2475 1389 2
2476 334 9
2476 418 2
2476 651 18
2476 956 3
2477 404 3
2478 258 14
2478 1358 2
2479 128 7
2480 58 9
2480 113 14
2480 1162 17
2481 123 2
2481 566 15
2482 1084 8
2482 1317 12
2483 467 17
2483 512 4
2484 22 13
2484 67 9
2485 548 13
2485 682 11
2486 14 2
2486 285 17
2487 154 10
2487 721 4
2487 837 5
2488 225 19
2489 391 4
2490 916 16
2490 1386 19
2491 280 11
2491 339 20
2492 337 6
2492 1032 9
2493 974 17
2493 1256 8
2494 3 6
2494 262 10
2494 1232 2
2495 592 11
2495 1107 14
2496 500 3
2496 831 1
2497 246 5
2497 1119 3
2498 347 12
2498 866 3
2499 532 8
2499 640 15
2500 110 16
2500 476 1
2501 18 4
2501 208 2
2502 45 18
2502 328 16
2502 799 2
2503 932 12
2504 220 9
2504 329 7
2505 15 2
2505 866 12
2506 880 3
2507 502 3
2507 1053 11
2508 648 11
2509 372 9
2509 1384 12
2510 478 10
2510 811 13
2511 319 17
2511 522 5
2511 706 1
2511 961 8
2512 466 14
2512 1087 2
2513 353 3
2513 1156 6
2514 554 12
2515 1371 8
2516 349 19
2516 563 14
2516 1017 10
2517 444 6
2517 610 12
2518 268 4
2518 735 4
2519 33 11
2519 538 18
2519 872 12
2520 986 4
2520 1377 20
2521 218 7
2521 685 13
2522 64 14
2522 1394 18
2523 48 18
2523 311 12
2523 706 16
2523 1014 6
2524 744 8
2524 1362 11
2525 762 18
2525 835 11
2526 755 4
2527 646 2
2528 157 17
2528 722 10
2528 770 20
2529 238 10
2529 424 19
2529 1096 3
2530 6 13
2530 991 14
2531 253 7
2532 1365 6
2532 1367 6
2533 31 18
2533 297 3
2533 797 9
2534 502 9
2534 597 3
2534 1025 11
2535 96 3
2535 1082 16
2536 1006 11
2537 736 1
2537 1054 8
2537 1189 18
2538 49 3
2538 1221 20
2539 882 9
2540 158 13
2540 586 17
2541 257 6
2541 796 5
2542 195 5
2542 284 5
2542 395 14
2543 47 4
2543 229 12
2544 250 12
2544 932 3
2544 1110 5
2545 1 1
2545 283 5
2546 650 19
2547 653 10
2547 1092 16
2548 923 5
2548 1191 3
2549 1225 1
2550 43 9
2551 53 13
2551 729 10
2552 994 16
2552 1303 6
2553 223 1
2553 1290 9
2554 203 14
2554 422 5
2555 194 11
2555 1207 19
2556 481 17
2557 469 18
2557 1392 1
2558 1091 5
2559 93 10
2559 364 14
2559 1336 8
2560 1188 8
2560 1202 16
2561 1021 5
2562 445 19
2563 535 10
2563 1164 6
2564 106 9
2565 471 8
2565 617 7
2565 1015 4
2565 1224 14
2566 116 6
2566 221 1
2567 130 4
2567 1173 1
2568 1142 5
2569 622 3
2569 776 18
2569 1045 3
2570 515 12
2570 1140 5
2570 1374 5
2571 479 18
2572 1158 8
2572 1253 17
2573 234 15
2573 717 11
2574 717 7
2574 1072 8
2575 288 10
2575 1011 14
2576 149 13
2576 452 3
2577 143 5
2577 817 15
2577 1071 3
2578 812 13
2578 957 4
2578 1190 6
2579 915 14
2580 717 18
2580 1018 10
2581 297 3
2582 326 4
2582 600 15
2583 730 13
2583 869 18
2584 99 10
2584 443 15
2585 948 11
2585 1115 11
2586 612 2
2586 1304 1
2587 2 20
2587 727 19
2587 925 20
2587 1116 18
2588 321 19
2589 127 10
2589 369 9
2590 106 10
2590 185 12
2591 500 17
2592 949 2
2593 253 15
2594 231 12
2595 218 9
2595 1280 11
2596 917 11
2596 1271 19
2597 310 7
2597 1147 2
2597 1313 17
2598 180 4
2598 1097 10
2599 124 16
2599 635 14
2599 938 9
2600 252 15
2600 566 2
2600 815 11
2601 780 2
2601 1032 5
2601 1385 5
2602 500 4
2602 735 5
2602 983 1
2603 824 1
2603 993 11
2604 164 19
2604 369 13
2604 679 1
2604 1155 7
2605 169 10
2605 1074 17
2606 164 3
2606 1142 20
2607 264 15
2607 444 12
2608 663 6
2608 1171 13
2609 15 14
2609 245 19
2609 437 20
2610 893 6
2611 6 6
2611 119 6
2611 388 2
2612 1020 5
2613 766 1
2613 940 15
2614 1031 5
2615 823 15
2615 1106 18
2616 104 13
2616 192 6
2617 486 4
2617 1124 10
2617 1197 9
2618 920 8
2618 1004 16
2619 294 9
2619 398 17
2619 535 17
2619 1359 4
2620 221 18
2620 1337 16
2621 822 7
2621 1393 4
2622 1373 16
2622 1375 14
2623 998 16
2624 402 15
2624 642 11
2625 754 1
2626 1121 5
2626 1270 12
2627 1136 1
2628 269 4
2628 437 3
2629 0 9
2629 1160 2
2630 80 6
2630 598 7
2631 338 11
2631 342 11
2631 1137 10
2632 191 5
2632 227 11
2633 711 2
2634 387 14
2634 1173 4
2635 122 16
2635 804 13
2636 58 2
2637 918 19
2637 1356 6
2638 108 11
2638 986 13
2638 1046 19
2639 871 17
2639 1093 17
2640 332 2
2640 354 14
2641 386 8
2641 453 10
2641 527 6
2642 1051 10
2642 1347 14
2643 92 8
2643 299 16
2643 383 8
2643 1074 17
2644 416 15
2644 1025 8
2645 563 12
2645 924 18
2646 937 11
2646 968 15
2647 156 15
2647 885 16
2647 930 13
2648 545 12
2649 81 2
2649 812 16
2649 1197 11
2650 741 14
2650 816 13
2651 188 5
2651 206 18
2651 1103 15
2652 1317 10
2653 202 7
2653 540 18
2654 1281 4
2655 506 4
2656 530 11
2656 579 20
2656 1069 20
2657 39 18
2657 887 18
2657 1323 2
2658 475 18
2658 519 11
2658 1227 1
2659 300 1
2660 20 18
2660 132 10
2661 958 5
2661 1018 2
2661 1376 3
2662 111 4
2662 1080 19
2663 672 19
2663 765 4
2664 589 19
2665 871 10
2666 27 14
2666 888 2
2666 1333 18
2667 1277 15
2668 1170 13
2668 1309 13
2669 897 15
2669 1065 17
2670 122 11
2670 167 15
2670 488 9
2671 322 9
2672 887 19
2673 783 5
2673 1101 10
2674 107 8
2674 849 4
2675 576 11
2676 1210 19
2677 427 11
2677 947 12
2677 1268 1
2678 167 3
2678 309 19
2679 530 2
2679 657 11
2679 706 1
2680 836 16
2680 1158 17
2680 1379 1
2681 633 6
2681 987 17
2682 170 13
2682 185 7
2683 111 5
2683 468 2
2683 1344 17
2684 405 19
2684 1264 5
2685 1290 2
2685 1364 1
2686 1012 16
2686 1302 7
2687 1216 3
2688 265 17
2688 649 1
2689 19 5
2689 1045 12
2690 851 17
2690 1127 13
2691 883 14
2692 13 14
2692 300 18
2692 654 2
2693 220 12
2693 647 2
2693 1009 2
2694 344 16
2694 419 10
2694 622 16
2695 121 13
2696 735 13
2697 611 13
2697 1152 6
2698 266 7
2698 293 7
2698 624 9
2698 736 3
2699 1110 16
2700 88 10
2700 1134 20
2700 1391 1
2701 1029 6
2702 182 4
2702 665 13
2703 376 4
2703 836 5
2704 767 7
2704 1043 7
2705 432 16
2706 546 16
2706 577 15
2707 837 13
2708 710 17
2708 952 6
2709 36 3
2709 441 19
2709 660 10
2710 193 15
2710 314 9
2710 1311 8
2710 1380 13
2711 312 11
2712 1038 4
2712 1170 9
2713 481 4
2713 1390 6
2714 419 20
2715 350 1
2715 880 4
2716 176 13
2716 1165 14
2717 355 7
2717 865 19
2718 430 18
2718 905 13
2719 128 5
2719 333 13
2719 352 17
2719 555 15
2720 726 16
2720 1163 20
2721 389 8
2721 985 19
2721 1094 5
2722 806 6
2722 1022 10
2722 1201 9
2723 214 4
2723 714 6
2723 894 16
2724 498 3
2724 1396 10
2725 1188 2
2726 309 6
2726 578 14
2726 782 2
2727 188 1
2727 489 20
2728 345 19
2728 427 19
2729 1271 13
2730 1126 2
2731 267 20
2731 522 3
2732 91 8
2732 881 14
2733 626 20
2734 46 11
2734 772 4
2734 1053 8
2735 206 13
2735 724 2
2735 896 2
2735 1191 5
2736 76 11
2736 695 6
2737 18 9
2737 1161 14
2738 78 14
2738 506 16
2739 370 15
2739 409 20
2740 107 12
2740 571 19
2741 1314 5
2742 426 10
2742 1038 4
2742 1179 18
2743 1325 13
2744 951 20
2744 1165 19
2745 174 13
2745 973 1
2746 139 9
2747 543 2
2747 649 12
2748 55 9
2748 813 6
2748 1225 20
2749 48 15
2749 423 15
2750 728 19
2750 850 15
2751 29 6
2751 70 9
2751 216 18
2751 465 10
2752 1085 9
2753 1250 13
2754 273 20
2754 442 11
2754 1144 20
2754 1273 10
2755 391 1
2755 610 6
2755 1251 9
2755 1299 1
2756 396 3
2756 1328 1
2757 568 15
2757 1244 14
2758 374 10
2758 1170 2
2758 1346 18
2759 173 1
2759 1077 5
2759 1193 15
2760 73 18
2760 565 4
2761 341 16
2761 623 9
2761 733 4
2762 401 14
2762 1300 15
2763 919 4
2764 785 11
2764 1247 1
2765 64 15
2765 905 4
2766 516 16
2766 1275 5
2767 1119 11
2768 231 1
2768 578 13
2769 508 16
2769 864 20
2769 1226 17
2770 379 17
2770 1233 16
2771 1087 11
2772 77 12
2772 594 18
2772 839 10
2773 85 20
2773 648 12
2773 752 18
2774 25 13
2774 1023 6
2774 1095 8
2775 951 8
2775 1357 15
2776 67 9
2777 360 19
2778 683 11
2778 1064 8
2779 1331 11
2780 569 10
2780 1033 15
2781 1035 11
2781 1125 3
2782 279 9
2782 933 10
2783 620 18
2784 343 2
2784 878 9
2785 910 2
2786 410 9
2786 791 13
2786 1207 2
2786 1319 13
2786 1379 15
2787 37 9
2787 414 5
2787 1391 1
2788 434 9
2788 469 7
2789 406 20
2789 490 7
2790 298 11
2790 636 20
2791 1299 3
2792 108 1
2792 570 5
2793 922 18
