0 887
1 1230
2 2227
3 1297
4 2025
5 657
6 649
7 78
8 708
9 970
10 2146
11 394
12 621
13 463
14 1094
15 2784
16 1284
17 2404
18 2504
19 520
20 1579
21 2256
22 2734
23 1217
24 2615
25 1671
26 1432
27 789
28 2619
29 2225
30 501
31 2098
32 85
33 2598
34 539
35 139
36 1594
37 2135
38 197
39 2026
40 1935
41 1602
42 554
43 1714
44 50
45 961
46 1178
47 426
48 2787
49 2712
50 2245
51 167
52 1855
53 1437
54 1857
55 1485
56 1922
57 1163
58 1497
59 260
60 2431
61 989
62 152
63 1197
64 1831
65 2106
66 2507
67 156
68 1652
69 1738
70 2161
71 1704
72 1012
73 2260
74 735
75 686
76 1167
77 1548
78 2319
79 1998
80 1563
81 0
82 695
83 2722
84 182
85 2290
86 944
87 740
88 1320
89 2441
90 1308
91 2534
92 1047
93 132
94 345
95 2350
96 2051
97 2235
98 1590
99 886
100 284
101 2063
102 2033
103 2546
104 625
105 997
106 1302
107 891
108 2765
109 1575
110 201
111 2460
112 2496
113 1512
114 952
115 270
116 1473
117 21
118 1329
119 209
120 1266
121 2230
122 351
123 1933
124 2422
125 455
126 2506
127 1642
128 2365
129 447
130 55
131 1549
132 2745
133 215
134 2237
135 224
136 1837
137 496
138 1564
139 959
140 542
141 312
142 2015
143 18
144 481
145 2687
146 347
147 190
148 1004
149 2452
150 1526
151 1332
152 1937
153 2651
154 2057
155 1405
156 393
157 1313
158 2599
159 2790
160 853
161 2701
162 1596
163 1703
164 99
165 226
166 638
167 1764
168 2643
169 796
170 2513
171 2705
172 1555
173 1826
174 758
175 1461
176 1501
177 101
178 241
179 2665
180 2131
181 2754
182 2741
183 318
184 1700
185 464
186 2138
187 685
188 1375
189 2526
190 317
191 2164
192 2346
193 1942
194 1610
195 290
196 12
197 2351
198 1414
199 1664
200 2190
201 2184
202 2275
203 2776
204 2580
205 437
206 550
207 2364
208 194
209 616
210 1101
211 187
212 1574
213 1805
214 361
215 2726
216 1838
217 1666
218 2206
219 2723
220 873
221 2455
222 1906
223 1418
224 2412
225 1309
226 549
227 444
228 1133
229 158
230 1299
231 2511
232 2502
233 1053
234 2450
235 2377
236 1093
237 2116
238 1762
239 1841
240 597
241 1930
242 2361
243 1397
244 1120
245 2406
246 1789
247 1530
248 763
249 193
250 1354
251 2032
252 1926
253 2697
254 104
255 809
256 2018
257 2356
258 1743
259 1800
260 516
261 1832
262 1499
263 2348
264 1363
265 1977
266 2541
267 69
268 1631
269 328
270 2312
271 2069
272 1650
273 310
274 600
275 2659
276 1938
277 1894
278 1252
279 1681
280 2574
281 1131
282 1423
283 2414
284 45
285 2053
286 2774
287 1322
288 750
289 1127
290 963
291 2155
292 1629
293 1468
294 2040
295 2577
296 650
297 424
298 1946
299 1517
300 2456
301 184
302 2280
303 1338
304 908
305 1986
306 1724
307 1634
308 1126
309 234
310 2498
311 2642
312 2469
313 1606
314 901
315 2
316 546
317 1147
318 537
319 1572
320 1827
321 2007
322 1316
323 1010
324 1920
325 2003
326 1554
327 1595
328 489
329 690
330 2729
331 2699
332 388
333 818
334 413
335 878
336 1109
337 2344
338 1614
339 151
340 429
341 1475
342 457
343 2308
344 1972
345 1085
346 357
347 1191
348 2022
349 1885
350 2612
351 2112
352 2503
353 605
354 2014
355 2052
356 2400
357 134
358 946
359 1778
360 1236
361 1749
362 1265
363 2264
364 2434
365 1344
366 1588
367 2020
368 2793
369 1802
370 449
371 1130
372 1215
373 1535
374 174
375 2181
376 1807
377 1357
378 1290
379 945
380 2089
381 2246
382 77
383 2209
384 161
385 2102
386 2453
387 2257
388 2238
389 783
390 729
391 596
392 1213
393 991
394 1467
395 2571
396 805
397 2650
398 338
399 476
400 2445
401 1722
402 653
403 1282
404 148
405 552
406 2709
407 2471
408 2336
409 1992
410 1059
411 581
412 1697
413 493
414 664
415 2524
416 2635
417 1433
418 1845
419 947
420 302
421 1279
422 2005
423 2176
424 1566
425 1356
426 1123
427 3
428 1565
429 2301
430 1544
431 1592
432 66
433 896
434 1576
435 1054
436 2508
437 1430
438 2222
439 2663
440 2153
441 1867
442 1735
443 1823
444 624
445 90
446 186
447 1603
448 2288
449 392
450 2389
451 1720
452 903
453 2555
454 1796
455 2137
456 2158
457 1694
458 2700
459 1455
460 1064
461 1210
462 500
463 804
464 892
465 2094
466 2473
467 923
468 757
469 996
470 16
471 1508
472 566
473 1644
474 2117
475 2562
476 738
477 6
478 1772
479 2521
480 259
481 1873
482 702
483 618
484 157
485 202
486 482
487 703
488 2425
489 632
490 469
491 2197
492 1680
493 2314
494 1080
495 2494
496 1298
497 1761
498 333
499 705
500 1824
501 2258
502 1058
503 257
504 2403
505 450
506 609
507 1005
508 1810
509 934
510 494
511 928
512 842
513 472
514 562
515 924
516 1726
517 280
518 231
519 1774
520 2218
521 1537
522 719
523 7
524 219
525 2358
526 586
527 523
528 754
529 2010
530 1057
531 1674
532 2670
533 2539
534 814
535 2374
536 1591
537 560
538 960
539 620
540 1682
541 770
542 1067
543 2291
544 2573
545 1693
546 179
547 1250
548 1389
549 1072
550 218
551 1117
552 897
553 1732
554 1483
555 2568
556 622
557 2013
558 2322
559 1196
560 1669
561 2193
562 2718
563 2714
564 513
565 1780
566 406
567 687
568 253
569 943
570 1948
571 798
572 532
573 2560
574 1186
575 2631
576 507
577 898
578 2402
579 2430
580 1092
581 2148
582 875
583 1645
584 67
585 2154
586 916
587 2407
588 1728
589 1415
590 1200
591 559
592 2788
593 1586
594 237
595 999
596 334
597 682
598 279
599 2150
600 2738
601 849
602 313
603 1263
604 2366
605 1879
606 1040
607 138
608 395
609 137
610 556
611 1090
612 2201
613 1897
614 1436
615 304
616 1490
617 885
618 2338
619 1876
620 712
621 2435
622 1187
623 1446
624 363
625 72
626 1962
627 1822
628 1725
629 634
630 1529
631 1262
632 1947
633 228
634 1925
635 135
636 22
637 736
638 907
639 524
640 48
641 2292
642 2666
643 1324
644 1808
645 2169
646 2597
647 1383
648 1828
649 2202
650 2061
651 1166
652 390
653 917
654 2262
655 1011
656 1321
657 440
658 579
659 1654
660 2368
661 1350
662 745
663 2680
664 1545
665 1848
666 986
667 2044
668 2083
669 2528
670 1710
671 2305
672 2205
673 1853
674 1840
675 368
676 118
677 1119
678 408
679 2437
680 1936
681 1457
682 2076
683 44
684 662
685 2516
686 1408
687 1362
688 1909
689 2518
690 1314
691 659
692 460
693 1503
694 1088
695 1050
696 1288
697 2086
698 2220
699 2596
700 17
701 899
702 775
703 70
704 1160
705 628
706 282
707 2429
708 2157
709 2353
710 1248
711 882
712 1662
713 2624
714 1319
715 704
716 1377
717 766
718 529
719 165
720 143
721 1987
722 2579
723 2742
724 1038
725 1148
726 1984
727 2219
728 710
729 626
730 1983
731 1132
732 2706
733 2698
734 42
735 2674
736 309
737 518
738 258
739 2408
740 1559
741 1188
742 2284
743 1709
744 1202
745 385
746 915
747 155
748 1003
749 793
750 2436
751 2382
752 1911
753 1783
754 1646
755 1829
756 819
757 1074
758 514
759 1039
760 1158
761 1317
762 2293
763 2424
764 92
765 359
766 795
767 1055
768 1226
769 398
770 2320
771 1781
772 319
773 2008
774 1997
775 1917
776 1741
777 768
778 854
779 113
780 841
781 2217
782 1648
783 75
784 1754
785 913
786 645
787 1892
788 1665
789 973
790 20
791 1222
792 292
793 1533
794 1176
795 654
796 2575
797 2421
798 1407
799 1348
800 1049
801 912
802 936
803 1842
804 2191
805 2527
806 1852
807 1750
808 2334
809 491
810 2688
811 1727
812 2297
813 337
814 1214
815 2481
816 1110
817 1751
818 2442
819 466
820 2640
821 861
822 1359
823 1066
824 1390
825 1024
826 1071
827 1135
828 2077
829 544
830 1504
831 1981
832 1502
833 2559
834 438
835 372
836 1406
837 2224
838 1927
839 2461
840 2267
841 949
842 1779
843 517
844 993
845 459
846 87
847 1739
848 1385
849 1932
850 1278
851 1658
852 2064
853 30
854 872
855 2595
856 2564
857 1523
858 1145
859 303
860 2648
861 2475
862 2550
863 1470
864 162
865 1283
866 1655
867 700
868 2352
869 1893
870 2118
871 2099
872 2423
873 639
874 2652
875 1708
876 1905
877 2419
878 2594
879 651
880 2399
881 1107
882 281
883 2251
884 114
885 1367
886 2035
887 508
888 1391
889 569
890 217
891 1964
892 2088
893 339
894 2016
895 1844
896 1289
897 1993
898 358
899 181
900 2737
901 396
902 2625
903 2783
904 163
905 1863
906 484
907 146
908 208
909 981
910 1612
911 2111
912 1229
913 2557
914 1372
915 1280
916 977
917 637
918 1089
919 1661
920 1041
921 2129
922 243
923 874
924 214
925 2632
926 522
927 1771
928 668
929 1051
930 233
931 147
932 1569
933 1340
934 2592
935 1046
936 2349
937 859
938 610
939 58
940 2362
941 2381
942 820
943 330
944 2185
945 2279
946 2710
947 1393
948 2691
949 557
950 2192
951 2047
952 2017
953 505
954 1000
955 2204
956 2409
957 1939
958 2119
959 1593
960 717
961 1956
962 1678
963 1880
964 1019
965 1398
966 1577
967 604
968 2671
969 381
970 1247
971 216
972 806
973 2036
974 2255
975 323
976 331
977 2199
978 780
979 2618
980 189
981 1934
982 2087
983 630
984 1953
985 255
986 360
987 2298
988 2311
989 154
990 1084
991 1286
992 545
993 2095
994 1102
995 2779
996 1889
997 52
998 2676
999 1336
1000 1207
1001 36
1002 2125
1003 452
1004 38
1005 111
1006 1733
1007 602
1008 1856
1009 950
1010 583
1011 2750
1012 458
1013 271
1014 2263
1015 1259
1016 265
1017 1387
1018 2545
1019 599
1020 1195
1021 325
1022 799
1023 91
1024 285
1025 1940
1026 2533
1027 376
1028 587
1029 1552
1030 1627
1031 273
1032 2371
1033 1691
1034 2232
1035 1518
1036 811
1037 528
1038 2543
1039 1271
1040 1205
1041 169
1042 2393
1043 2247
1044 1910
1045 417
1046 2609
1047 1056
1048 436
1049 1246
1050 2006
1051 988
1052 64
1053 797
1054 720
1055 2763
1056 930
1057 2649
1058 402
1059 2556
1060 480
1061 1757
1062 2739
1063 2792
1064 1607
1065 2261
1066 61
1067 1963
1068 442
1069 397
1070 1070
1071 59
1072 671
1073 2617
1074 962
1075 1695
1076 9
1077 1959
1078 851
1079 2030
1080 1452
1081 1487
1082 563
1083 2097
1084 2127
1085 978
1086 1464
1087 420
1088 1598
1089 471
1090 942
1091 646
1092 1149
1093 60
1094 1792
1095 1511
1096 1360
1097 2318
1098 2762
1099 2584
1100 567
1101 2730
1102 168
1103 1006
1104 1624
1105 227
1106 1431
1107 727
1108 902
1109 222
1110 2766
1111 1961
1112 1234
1113 826
1114 1883
1115 1803
1116 495
1117 1428
1118 124
1119 2167
1120 1746
1121 1489
1122 2183
1123 1532
1124 2142
1125 1482
1126 1812
1127 2231
1128 1086
1129 1913
1130 1281
1131 1069
1132 1713
1133 731
1134 2492
1135 2126
1136 454
1137 172
1138 2180
1139 1860
1140 1456
1141 730
1142 2347
1143 2773
1144 2478
1145 881
1146 1454
1147 2376
1148 2657
1149 2468
1150 1980
1151 2145
1152 2786
1153 2330
1154 1261
1155 2398
1156 1144
1157 504
1158 792
1159 1498
1160 1175
1161 1736
1162 335
1163 23
1164 1326
1165 570
1166 2490
1167 144
1168 1765
1169 2637
1170 1311
1171 409
1172 706
1173 1672
1174 2413
1175 1881
1176 2066
1177 939
1178 1854
1179 1988
1180 726
1181 2488
1182 1237
1183 212
1184 1422
1185 697
1186 2031
1187 2049
1188 431
1189 1295
1190 2343
1191 39
1192 1999
1193 1668
1194 1651
1195 283
1196 2630
1197 2489
1198 199
1199 1960
1200 389
1201 1366
1202 530
1203 2171
1204 1495
1205 2639
1206 115
1207 839
1208 2604
1209 1164
1210 921
1211 1551
1212 733
1213 714
1214 1815
1215 2733
1216 2325
1217 635
1218 240
1219 2054
1220 1686
1221 1420
1222 577
1223 364
1224 1139
1225 884
1226 1218
1227 591
1228 2309
1229 2152
1230 2273
1231 1484
1232 4
1233 5
1234 2707
1235 2702
1236 1491
1237 2242
1238 322
1239 1337
1240 1016
1241 1875
1242 40
1243 2474
1244 142
1245 534
1246 2375
1247 2270
1248 2004
1249 1633
1250 2080
1251 1890
1252 1333
1253 1269
1254 911
1255 867
1256 1255
1257 1557
1258 772
1259 1758
1260 74
1261 2439
1262 1536
1263 648
1264 848
1265 734
1266 1558
1267 2196
1268 786
1269 2782
1270 2045
1271 1395
1272 276
1273 1374
1274 264
1275 81
1276 2236
1277 1030
1278 1345
1279 2633
1280 2536
1281 790
1282 843
1283 478
1284 2581
1285 1620
1286 1439
1287 2141
1288 2780
1289 837
1290 1916
1291 1643
1292 2019
1293 2535
1294 355
1295 1427
1296 278
1297 1474
1298 414
1299 698
1300 1908
1301 251
1302 1777
1303 914
1304 1034
1305 1355
1306 25
1307 2530
1308 2769
1309 1515
1310 2472
1311 1748
1312 112
1313 1270
1314 2684
1315 1621
1316 2606
1317 2658
1318 1849
1319 1990
1320 2177
1321 252
1322 1866
1323 598
1324 1267
1325 2276
1326 1212
1327 150
1328 2378
1329 1412
1330 2605
1331 1767
1332 2300
1333 1723
1334 1656
1335 506
1336 1640
1337 1146
1338 1763
1339 1369
1340 1970
1341 2517
1342 365
1343 483
1344 2278
1345 828
1346 2056
1347 852
1348 2540
1349 2735
1350 2547
1351 120
1352 128
1353 2656
1354 2694
1355 1480
1356 205
1357 1274
1358 1239
1359 149
1360 1122
1361 785
1362 980
1363 2713
1364 1886
1365 2542
1366 863
1367 2589
1368 1401
1369 836
1370 2175
1371 1628
1372 1443
1373 465
1374 808
1375 2746
1376 121
1377 918
1378 1315
1379 938
1380 1744
1381 1505
1382 1198
1383 439
1384 1238
1385 2395
1386 2221
1387 692
1388 2096
1389 519
1390 2363
1391 2372
1392 1155
1393 1203
1394 1931
1395 672
1396 225
1397 1626
1398 2778
1399 1637
1400 2520
1401 1715
1402 2132
1403 1342
1404 1399
1405 2720
1406 2388
1407 2583
1408 741
1409 870
1410 1273
1411 1945
1412 1241
1413 2608
1414 2549
1415 1361
1416 1099
1417 1009
1418 2634
1419 1707
1420 1156
1421 2432
1422 2611
1423 1079
1424 1022
1425 2331
1426 1185
1427 2071
1428 2457
1429 1843
1430 1021
1431 1073
1432 794
1433 56
1434 879
1435 2387
1436 1358
1437 2756
1438 1683
1439 1045
1440 377
1441 1037
1442 1231
1443 575
1444 1814
1445 2587
1446 722
1447 1663
1448 2307
1449 2610
1450 130
1451 627
1452 1820
1453 2704
1454 2515
1455 343
1456 925
1457 1442
1458 927
1459 503
1460 2525
1461 890
1462 1426
1463 1124
1464 1190
1465 1128
1466 2428
1467 467
1468 855
1469 2593
1470 1335
1471 2673
1472 1276
1473 391
1474 378
1475 1184
1476 633
1477 1008
1478 1675
1479 295
1480 1688
1481 261
1482 2062
1483 1036
1484 301
1485 661
1486 631
1487 2561
1488 235
1489 1061
1490 1177
1491 2121
1492 1786
1493 1817
1494 171
1495 1378
1496 536
1497 1730
1498 1015
1499 1766
1500 667
1501 1256
1502 1245
1503 1718
1504 1701
1505 2233
1506 86
1507 2476
1508 1787
1509 1143
1510 787
1511 2124
1512 1115
1513 2253
1514 1851
1515 595
1516 250
1517 1469
1518 823
1519 1425
1520 1111
1521 2337
1522 2011
1523 784
1524 119
1525 366
1526 696
1527 815
1528 2223
1529 1159
1530 232
1531 1573
1532 84
1533 1773
1534 2239
1535 1521
1536 1413
1537 1696
1538 1862
1539 940
1540 760
1541 31
1542 564
1543 1561
1544 2268
1545 2732
1546 320
1547 2544
1548 2620
1549 951
1550 475
1551 767
1552 965
1553 2034
1554 1140
1555 883
1556 1449
1557 2491
1558 802
1559 2172
1560 256
1561 2622
1562 1083
1563 188
1564 1174
1565 15
1566 2655
1567 462
1568 2105
1569 2777
1570 316
1571 1103
1572 1687
1573 296
1574 2166
1575 2151
1576 2100
1577 2198
1578 1296
1579 1216
1580 2248
1581 2772
1582 1968
1583 1018
1584 1721
1585 2373
1586 2091
1587 1028
1588 578
1589 1982
1590 2789
1591 221
1592 207
1593 1463
1594 1699
1595 2757
1596 2340
1597 1091
1598 83
1599 679
1600 298
1601 1293
1602 210
1603 1679
1604 497
1605 920
1606 1251
1607 1258
1608 1690
1609 1798
1610 832
1611 1639
1612 131
1613 987
1614 858
1615 2563
1616 2433
1617 1684
1618 433
1619 1969
1620 2727
1621 247
1622 2629
1623 159
1624 678
1625 2397
1626 636
1627 1349
1628 306
1629 2760
1630 895
1631 862
1632 125
1633 1954
1634 1818
1635 2186
1636 937
1637 1755
1638 2295
1639 1560
1640 2250
1641 2479
1642 1506
1643 2075
1644 2743
1645 933
1646 2685
1647 286
1648 2537
1649 1419
1650 982
1651 871
1652 2578
1653 1811
1654 1421
1655 305
1656 2394
1657 1522
1658 2683
1659 314
1660 1613
1661 263
1662 1025
1663 1582
1664 2500
1665 640
1666 2623
1667 904
1668 1411
1669 2226
1670 751
1671 1233
1672 51
1673 2384
1674 93
1675 535
1676 589
1677 1105
1678 53
1679 266
1680 47
1681 1912
1682 2283
1683 362
1684 1776
1685 1368
1686 2323
1687 2392
1688 1343
1689 324
1690 371
1691 2740
1692 2567
1693 2686
1694 2646
1695 2028
1696 245
1697 647
1698 1157
1699 275
1700 2249
1701 2187
1702 1371
1703 2163
1704 1402
1705 1253
1706 1224
1707 1562
1708 1351
1709 329
1710 236
1711 715
1712 68
1713 673
1714 543
1715 658
1716 2379
1717 2082
1718 2586
1719 2770
1720 1481
1721 1451
1722 1649
1723 1519
1724 346
1725 972
1726 2715
1727 2354
1728 850
1729 1760
1730 1300
1731 1026
1732 2244
1733 2572
1734 825
1735 1211
1736 525
1737 830
1738 43
1739 1850
1740 220
1741 1759
1742 2678
1743 1235
1744 2401
1745 2188
1746 428
1747 122
1748 421
1749 105
1750 1752
1751 1667
1752 994
1753 2001
1754 1494
1755 1479
1756 176
1757 109
1758 2355
1759 1775
1760 1287
1761 1249
1762 1339
1763 1950
1764 1192
1765 1334
1766 2751
1767 1075
1768 1816
1769 606
1770 1904
1771 1142
1772 1189
1773 2664
1774 1918
1775 2059
1776 399
1777 2162
1778 677
1779 1524
1780 1347
1781 974
1782 607
1783 1951
1784 1275
1785 1975
1786 1543
1787 369
1788 1307
1789 512
1790 573
1791 2029
1792 2523
1793 1887
1794 2551
1795 1062
1796 1872
1797 24
1798 445
1799 1137
1800 2591
1801 1546
1802 1264
1803 2548
1804 1257
1805 487
1806 803
1807 300
1808 2447
1809 126
1810 800
1811 2341
1812 846
1813 2285
1814 777
1815 28
1816 1162
1817 2459
1818 352
1819 1813
1820 1440
1821 877
1822 262
1823 2133
1824 2529
1825 430
1826 699
1827 2310
1828 1653
1829 1609
1830 1865
1831 976
1832 691
1833 1985
1834 1547
1835 170
1836 380
1837 2749
1838 526
1839 2600
1840 1901
1841 1254
1842 641
1843 753
1844 183
1845 1153
1846 1459
1847 80
1848 1895
1849 2485
1850 749
1851 2514
1852 374
1853 1486
1854 2274
1855 89
1856 160
1857 1957
1858 1409
1859 2660
1860 2716
1861 1617
1862 2160
1863 407
1864 1466
1865 107
1866 2252
1867 2380
1868 2296
1869 1944
1870 2115
1871 2037
1872 2110
1873 175
1874 642
1875 2168
1876 1689
1877 2165
1878 644
1879 2147
1880 26
1881 2123
1882 721
1883 96
1884 473
1885 816
1886 1878
1887 568
1888 287
1889 821
1890 838
1891 663
1892 502
1893 781
1894 1228
1895 2552
1896 1630
1897 2391
1898 1657
1899 603
1900 2654
1901 321
1902 140
1903 425
1904 742
1905 1790
1906 1194
1907 2636
1908 1208
1909 2724
1910 2085
1911 585
1912 379
1913 835
1914 2043
1915 709
1916 1445
1917 1052
1918 964
1919 2143
1920 893
1921 1220
1922 153
1923 2039
1924 1989
1925 1638
1926 1769
1927 594
1928 774
1929 521
1930 1381
1931 533
1932 206
1933 788
1934 1370
1935 97
1936 2420
1937 2467
1938 2324
1939 1121
1940 1871
1941 576
1942 2174
1943 614
1944 509
1945 2345
1946 2505
1947 2178
1948 1095
1949 1729
1950 354
1951 2682
1952 166
1953 723
1954 1136
1955 2785
1956 905
1957 2696
1958 2313
1959 2411
1960 387
1961 1819
1962 2638
1963 401
1964 1346
1965 670
1966 716
1967 2627
1968 2747
1969 681
1970 2752
1971 356
1972 743
1973 488
1974 1979
1975 1556
1976 1476
1977 1113
1978 1172
1979 813
1980 1976
1981 1578
1982 2128
1983 1173
1984 2136
1985 416
1986 1809
1987 1711
1988 195
1989 1550
1990 1400
1991 1698
1992 1608
1993 1154
1994 1244
1995 2721
1996 1221
1997 2499
1998 1974
1999 1955
2000 468
2001 1285
2002 2259
2003 778
2004 869
2005 548
2006 1201
2007 1636
2008 857
2009 1625
2010 1097
2011 1923
2012 2139
2013 8
2014 1471
2015 1330
2016 888
2017 1794
2018 2027
2019 2303
2020 1785
2021 1042
2022 1007
2023 1597
2024 547
2025 2758
2026 403
2027 348
2028 1081
2029 2731
2030 2427
2031 254
2032 1150
2033 1514
2034 1104
2035 123
2036 2009
2037 864
2038 1929
2039 1323
2040 2212
2041 1444
2042 2692
2043 1292
2044 289
2045 711
2046 2317
2047 1991
2048 411
2049 443
2050 1583
2051 2463
2052 1891
2053 2725
2054 694
2055 1376
2056 294
2057 2558
2058 1791
2059 953
2060 1096
2061 2781
2062 2194
2063 2316
2064 2438
2065 10
2066 367
2067 2321
2068 373
2069 1020
2070 2761
2071 866
2072 1404
2073 765
2074 340
2075 326
2076 62
2077 2538
2078 1448
2079 1584
2080 1973
2081 2281
2082 308
2083 242
2084 1539
2085 1527
2086 288
2087 238
2088 1673
2089 2454
2090 919
2091 593
2092 1341
2093 1994
2094 2644
2095 2628
2096 680
2097 299
2098 1429
2099 752
2100 2703
2101 2662
2102 2416
2103 1493
2104 2532
2105 2679
2106 531
2107 582
2108 1396
2109 1670
2110 2120
2111 683
2112 2266
2113 2360
2114 2486
2115 2207
2116 2689
2117 2748
2118 592
2119 1825
2120 2195
2121 1048
2122 1460
2123 971
2124 2755
2125 2114
2126 1978
2127 2024
2128 1447
2129 2603
2130 572
2131 269
2132 2554
2133 1958
2134 1169
2135 1179
2136 423
2137 178
2138 1540
2139 2021
2140 2173
2141 1717
2142 2565
2143 773
2144 2229
2145 2333
2146 29
2147 1002
2148 1365
2149 1161
2150 2616
2151 2243
2152 2113
2153 1462
2154 2775
2155 608
2156 1604
2157 1392
2158 1510
2159 744
2160 2483
2161 1082
2162 1685
2163 341
2164 129
2165 2272
2166 865
2167 2415
2168 746
2169 1719
2170 619
2171 2074
2172 268
2173 776
2174 868
2175 1171
2176 1567
2177 1995
2178 1
2179 2495
2180 2728
2181 990
2182 812
2183 1125
2184 906
2185 1706
2186 1659
2187 200
2188 755
2189 1304
2190 1492
2191 689
2192 1424
2193 1294
2194 448
2195 2553
2196 1225
2197 180
2198 1327
2199 2107
2200 1619
2201 127
2202 1129
2203 956
2204 2791
2205 2214
2206 1394
2207 2277
2208 656
2209 1571
2210 2159
2211 1242
2212 2215
2213 935
2214 2569
2215 665
2216 1434
2217 2306
2218 274
2219 297
2220 966
2221 2081
2222 422
2223 229
2224 2390
2225 1013
2226 2753
2227 688
2228 34
2229 1907
2230 2464
2231 1712
2232 1193
2233 1753
2234 1520
2235 1921
2236 747
2237 1742
2238 1043
2239 1919
2240 2093
2241 2501
2242 1165
2243 277
2244 1141
2245 666
2246 1605
2247 2449
2248 810
2249 1312
2250 1846
2251 674
2252 1277
2253 541
2254 1847
2255 1272
2256 948
2257 446
2258 248
2259 1903
2260 486
2261 1731
2262 1858
2263 223
2264 941
2265 2410
2266 718
2267 955
2268 2041
2269 2367
2270 1542
2271 1106
2272 584
2273 2385
2274 1782
2275 76
2276 611
2277 1328
2278 192
2279 1027
2280 983
2281 2767
2282 580
2283 1902
2284 2002
2285 957
2286 1232
2287 831
2288 2668
2289 1869
2290 771
2291 2607
2292 1384
2293 479
2294 1303
2295 2271
2296 1580
2297 94
2298 1528
2299 2302
2300 2079
2301 2156
2302 2286
2303 477
2304 2588
2305 1227
2306 1087
2307 2060
2308 834
2309 2661
2310 2179
2311 827
2312 2522
2313 1941
2314 615
2315 293
2316 2287
2317 451
2318 856
2319 311
2320 2667
2321 1900
2322 1180
2323 1616
2324 1531
2325 2067
2326 315
2327 992
2328 1740
2329 2383
2330 2484
2331 2234
2332 492
2333 2108
2334 2072
2335 2058
2336 2213
2337 2070
2338 1209
2339 623
2340 453
2341 1268
2342 400
2343 2613
2344 1635
2345 2764
2346 601
2347 1967
2348 2046
2349 684
2350 1138
2351 54
2352 1587
2353 807
2354 65
2355 551
2356 676
2357 2426
2358 1068
2359 2210
2360 759
2361 106
2362 1943
2363 185
2364 612
2365 1100
2366 1509
2367 2335
2368 1416
2369 967
2370 2282
2371 1888
2372 427
2373 2405
2374 404
2375 2510
2376 2189
2377 782
2378 2342
2379 1450
2380 307
2381 1601
2382 2149
2383 1183
2384 2329
2385 2497
2386 2509
2387 1417
2388 1806
2389 2446
2390 588
2391 2012
2392 73
2393 2614
2394 1830
2395 2719
2396 1641
2397 761
2398 860
2399 2208
2400 922
2401 1660
2402 1373
2403 474
2404 249
2405 693
2406 63
2407 725
2408 1585
2409 2493
2410 1031
2411 737
2412 2326
2413 1078
2414 213
2415 2240
2416 1403
2417 434
2418 926
2419 71
2420 1478
2421 384
2422 2170
2423 590
2424 1134
2425 498
2426 2443
2427 1884
2428 527
2429 748
2430 1834
2431 929
2432 2090
2433 1553
2434 1044
2435 2602
2436 2228
2437 995
2438 1033
2439 909
2440 801
2441 833
2442 779
2443 1513
2444 669
2445 2717
2446 1861
2447 2582
2448 1223
2449 1797
2450 336
2451 2386
2452 2621
2453 35
2454 2092
2455 2130
2456 2768
2457 470
2458 88
2459 2055
2460 230
2461 1768
2462 164
2463 1204
2464 456
2465 79
2466 33
2467 2254
2468 931
2469 1868
2470 2023
2471 49
2472 2487
2473 1924
2474 136
2475 769
2476 2332
2477 2104
2478 2327
2479 1060
2480 756
2481 382
2482 82
2483 13
2484 1632
2485 2601
2486 1181
2487 1076
2488 728
2489 27
2490 894
2491 37
2492 1716
2493 2065
2494 1035
2495 173
2496 116
2497 2101
2498 2440
2499 2241
2500 1928
2501 1305
2502 350
2503 1507
2504 2466
2505 1589
2506 2109
2507 2182
2508 461
2509 1496
2510 2294
2511 2203
2512 2068
2513 675
2514 2216
2515 1472
2516 1949
2517 1898
2518 11
2519 932
2520 1971
2521 2576
2522 2519
2523 1570
2524 1388
2525 41
2526 561
2527 1747
2528 984
2529 1914
2530 1611
2531 1243
2532 1441
2533 2736
2534 1364
2535 1112
2536 617
2537 415
2538 1799
2539 1199
2540 2458
2541 1793
2542 1692
2543 538
2544 141
2545 2480
2546 2744
2547 1525
2548 844
2549 762
2550 2570
2551 1864
2552 1647
2553 2771
2554 1770
2555 2357
2556 900
2557 1152
2558 1116
2559 95
2560 2050
2561 2626
2562 1014
2563 100
2564 2645
2565 435
2566 1306
2567 14
2568 1438
2569 2315
2570 1870
2571 1915
2572 1836
2573 1745
2574 958
2575 998
2576 739
2577 2672
2578 1386
2579 1702
2580 332
2581 441
2582 349
2583 2512
2584 1325
2585 177
2586 1877
2587 2681
2588 764
2589 1965
2590 1023
2591 2084
2592 1599
2593 342
2594 880
2595 1065
2596 2339
2597 46
2598 1301
2599 2711
2600 1098
2601 910
2602 327
2603 2590
2604 1899
2605 108
2606 2265
2607 432
2608 847
2609 1839
2610 1260
2611 246
2612 1114
2613 829
2614 375
2615 1352
2616 2134
2617 2304
2618 1435
2619 515
2620 2470
2621 1952
2622 1581
2623 652
2624 291
2625 2140
2626 565
2627 353
2628 2669
2629 2048
2630 655
2631 969
2632 2641
2633 386
2634 1705
2635 1382
2636 1151
2637 1821
2638 2396
2639 103
2640 1833
2641 370
2642 2328
2643 203
2644 102
2645 889
2646 1966
2647 2759
2648 2444
2649 2369
2650 1835
2651 19
2652 2451
2653 1240
2654 1310
2655 117
2656 2690
2657 822
2658 2078
2659 574
2660 267
2661 1896
2662 1859
2663 2647
2664 2695
2665 383
2666 485
2667 643
2668 985
2669 1488
2670 2042
2671 272
2672 98
2673 2289
2674 1795
2675 2418
2676 732
2677 2144
2678 2000
2679 2417
2680 1318
2681 1538
2682 1784
2683 510
2684 490
2685 1756
2686 344
2687 817
2688 2653
2689 571
2690 198
2691 499
2692 1618
2693 412
2694 968
2695 2073
2696 57
2697 1032
2698 418
2699 2122
2700 1017
2701 1410
2702 1353
2703 145
2704 1380
2705 1379
2706 1677
2707 1882
2708 511
2709 1063
2710 1453
2711 196
2712 1331
2713 2448
2714 1182
2715 701
2716 2708
2717 840
2718 1623
2719 1804
2720 1219
2721 629
2722 1458
2723 613
2724 244
2725 2038
2726 2677
2727 2200
2728 1170
2729 1001
2730 2566
2731 824
2732 2693
2733 553
2734 707
2735 979
2736 1996
2737 1874
2738 555
2739 1168
2740 211
2741 558
2742 1029
2743 2370
2744 191
2745 1600
2746 1788
2747 1622
2748 1737
2749 1500
2750 1615
2751 954
2752 2465
2753 410
2754 1568
2755 1676
2756 239
2757 1534
2758 2531
2759 1077
2760 1108
2761 1516
2762 713
2763 1206
2764 110
2765 2462
2766 133
2767 1801
2768 419
2769 845
2770 2299
2771 2269
2772 1118
2773 660
2774 2211
2775 1465
2776 2675
2777 1541
2778 2359
2779 1734
2780 2477
2781 32
2782 876
2783 1291
2784 791
2785 2585
2786 724
2787 975
2788 204
2789 405
2790 2482
2791 540
2792 1477
2793 2103
