0 2249 19
0 2369 12
1 85 8
1 2461 10
2 1224 19
3 588 1
3 1170 15
3 2144 6
4 1035 17
5 2299 3
5 2777 7
6 1009 12
6 2459 16
6 2593 18
7 607 17
7 1556 19
7 2432 9
8 1852 2
9 541 18
9 1788 8
9 2427 20
9 2497 10
10 390 20
10 458 5
11 1631 4
11 2674 4
12 73 2
12 1850 6
13 923 17
14 1672 1
14 2507 4
15 444 11
16 272 2
16 502 10
16 2243 20
16 2383 20
17 699 18
17 2549 14
18 2672 19
19 550 18
19 1375 5
19 2061 5
20 200 15
20 1373 20
20 1463 14
21 268 10
22 2482 5
22 2566 19
23 1219 3
24 1012 3
24 2148 2
25 2549 5
26 1051 13
26 1401 6
26 2231 11
26 2488 19
27 596 4
28 686 19
28 2475 15
29 74 19
29 360 19
29 2118 19
30 287 18
30 777 16
30 1257 9
31 1207 18
31 1470 3
31 2305 19
32 1482 3
32 1518 11
33 1214 10
33 1829 5
33 2356 1
34 284 12
34 406 16
35 278 5
36 236 16
36 1292 19
36 2075 13
36 2454 7
37 151 20
38 1435 8
38 1801 8
39 979 14
39 2731 15
40 76 16
41 372 11
42 860 5
42 1204 11
43 292 18
43 484 13
44 305 8
44 2359 10
45 1692 9
45 2067 11
46 1270 17
46 2376 2
46 2498 7
47 361 3
48 2241 16
48 2447 1
49 2325 16
50 95 3
50 321 20
50 838 8
50 1305 14
50 2675 9
51 1218 10
51 1263 6
51 1732 15
51 2206 1
52 1052 16
53 2262 6
54 1461 5
54 1595 17
55 2081 17
56 1674 6
56 2013 10
57 2518 9
58 2072 7
58 2090 4
58 2133 2
59 340 17
59 2672 16
60 103 6
60 831 17
61 1673 13
61 1813 14
62 567 9
62 2597 20
63 360 1
63 1329 15
64 1941 1
64 2515 16
65 766 9
65 1024 16
65 1680 2
65 1695 2
65 2025 8
66 198 14
66 1379 16
66 2725 14
67 336 13
67 486 14
67 1384 2
67 2283 11
68 1545 5
69 824 20
69 2748 10
70 2038 8
70 2487 6
71 333 2
71 429 1
71 542 17
71 1762 12
71 1993 15
72 802 12
72 2062 18
73 12 18
73 2442 14
74 29 20
74 2499 8
74 2591 13
75 2289 18
76 40 1
76 2407 1
76 2503 15
77 160 17
77 468 10
78 1525 1
78 2287 15
79 1050 6
79 1879 17
80 1195 12
81 133 18
82 2658 12
83 1422 18
83 1997 1
83 2344 15
83 2648 2
84 1080 4
84 1431 14
85 1 14
85 1742 14
85 2686 5
86 1004 9
86 1064 11
87 865 17
87 1619 7
88 1090 2
88 1959 3
89 1308 4
89 1574 8
89 1681 18
90 1014 18
91 299 7
91 434 12
92 1791 19
92 2553 6
92 2673 4
93 2235 15
94 945 16
94 2455 19
94 2701 12
94 2729 3
95 50 10
95 132 10
95 1640 8
96 507 13
96 993 3
96 1779 4
97 2330 16
98 508 19
98 2577 5
99 2265 17
100 1326 6
100 2374 10
101 200 19
101 555 12
101 1001 12
102 1940 8
102 2573 18
102 2635 15
102 2665 5
103 60 17
103 2099 17
104 862 1
104 1434 6
105 501 16
105 605 10
106 1050 20
106 2087 7
107 290 6
107 981 19
107 1840 7
108 698 14
108 796 10
108 1398 3
109 881 9
109 1053 8
109 1629 3
110 913 11
110 1544 12
110 2270 1
111 316 17
111 1449 7
111 2636 4
112 578 8
113 1268 7
113 2329 3
114 403 7
114 445 20
115 308 10
115 1075 10
116 1824 3
116 1981 1
117 609 4
118 329 8
118 1028 11
118 1277 14
119 1088 18
119 1197 7
120 1037 5
120 2454 18
121 2259 13
122 1284 16
122 2102 3
123 156 1
123 841 18
123 2119 8
124 955 7
124 2034 6
124 2092 20
125 579 16
125 2157 19
126 1697 16
126 2129 10
127 1003 14
127 1633 12
128 773 1
128 2151 8
129 999 7
129 2599 2
130 944 7
130 1261 10
131 991 13
131 1720 5
132 95 12
133 81 5
133 1726 16
134 802 15
135 2070 9
135 2711 15
136 1195 13
136 2550 2
136 2786 10
137 1541 15
137 1967 7
138 210 9
138 926 19
138 2136 1
139 1701 10
140 1910 1
140 2741 12
141 146 17
141 1234 17
141 1354 12
141 1569 3
141 2766 5
142 1409 11
142 1534 11
143 1520 4
143 1928 15
144 709 14
144 794 17
145 1807 4
146 141 20
147 1013 3
147 1688 9
148 428 8
148 1416 1
148 2104 4
149 256 1
149 515 4
150 2384 13
151 37 20
151 533 18
152 1162 7
152 2159 18
152 2229 13
153 271 20
153 1102 1
153 1408 15
154 1900 15
154 2486 8
154 2732 10
155 641 8
156 123 11
156 827 14
156 2675 10
157 677 18
158 538 6
158 2100 14
159 1620 10
159 2469 12
159 2784 1
160 77 5
160 1708 18
161 965 1
161 1009 5
162 845 13
162 1971 12
163 1630 7
164 557 4
164 1047 9
164 1650 20
165 658 20
165 832 14
165 1073 16
165 2583 13
166 402 14
166 1704 1
167 1639 2
167 2708 10
168 1553 2
168 2034 15
169 838 6
169 2661 6
169 2693 2
170 385 16
170 826 4
170 2726 12
171 226 18
172 969 9
172 2165 11
173 727 14
174 2268 5
174 2531 19
175 1109 16
175 1932 10
176 793 7
176 2235 15
177 2691 11
178 1248 17
179 1381 3
180 1551 16
180 2534 5
181 1978 17
181 2337 5
182 1258 7
183 2439 13
184 990 13
184 2383 4
185 522 9
185 2378 14
185 2774 16
186 512 16
186 1124 15
186 2316 19
187 1583 14
187 1787 10
187 2501 14
188 819 2
189 1116 14
189 2667 1
190 1861 1
191 570 19
191 2047 20
192 1805 15
193 573 5
193 871 10
194 418 2
194 676 5
194 1305 3
194 2572 19
194 2675 16
195 1117 2
196 1229 18
196 2469 11
197 348 7
197 937 20
197 1206 1
198 66 10
198 1280 11
198 1658 17
198 2231 13
199 862 8
199 1976 4
200 20 20
200 101 4
200 2473 3
200 2475 6
201 1361 16
201 1928 5
202 857 1
202 1185 8
203 962 17
203 1047 8
203 1517 16
203 2209 8
204 530 16
204 557 10
204 1576 9
205 242 16
205 1797 8
205 1821 16
206 947 17
206 1163 16
207 796 14
207 1437 17
207 2762 10
208 564 2
209 246 18
209 623 16
209 769 4
210 138 4
210 231 14
210 1158 9
210 2169 14
211 798 19
211 891 12
212 834 5
212 1580 8
213 952 2
213 1807 6
214 889 15
215 1868 17
215 2552 19
216 1510 8
216 1985 18
217 474 16
217 1113 4
217 1140 5
218 1769 4
218 2160 20
218 2228 17
219 336 11
219 2229 2
220 577 18
220 2535 4
220 2597 12
221 2219 17
221 2220 12
222 658 7
222 776 4
223 651 1
223 1845 19
224 410 3
224 2240 10
225 244 2
225 2303 5
225 2704 6
226 171 10
226 711 13
227 2067 5
227 2107 17
228 1538 6
228 1599 2
228 2578 7
229 597 14
229 970 20
229 1939 15
230 429 3
230 1826 5
231 210 7
231 1065 10
232 1590 15
232 2579 6
233 1887 8
233 2483 5
233 2759 5
234 2000 6
234 2677 4
234 2721 13
235 1738 9
235 2018 8
236 36 16
237 1469 19
237 2593 13
238 697 3
238 902 17
238 1837 9
239 805 3
239 1703 13
239 2378 1
240 461 4
240 1061 17
240 1327 10
240 2583 9
241 1249 12
241 1276 6
242 205 20
243 1912 4
243 2103 11
244 225 10
244 333 3
245 1651 2
246 209 6
246 649 6
246 2238 2
247 819 19
247 1548 20
247 1656 3
247 1735 18
248 685 16
248 2400 13
249 257 17
249 1947 7
250 1913 11
250 1972 4
250 2292 7
251 512 2
251 2415 12
252 755 13
252 2740 12
253 1534 6
254 463 10
254 1016 11
255 451 14
255 629 13
256 149 18
256 2546 8
257 249 4
257 1124 11
257 1921 5
258 2537 16
258 2696 16
259 1287 5
259 2317 9
260 275 9
260 1462 1
260 2415 2
260 2501 5
261 265 4
261 1727 5
261 2204 2
261 2325 13
262 478 7
262 836 11
262 886 11
263 554 20
264 800 19
264 1546 18
264 2655 7
265 261 10
265 742 13
265 1862 6
265 2410 12
266 2014 18
267 1579 18
267 2745 10
268 21 15
268 804 13
269 537 15
269 1198 13
270 2104 14
270 2313 2
271 153 3
271 2720 4
272 16 1
272 754 13
272 1316 9
273 2791 14
274 1984 6
274 2624 6
275 260 2
275 471 9
275 2406 10
276 1153 17
276 2775 20
277 1644 5
277 2651 16
278 35 11
278 1419 9
279 655 15
279 1382 20
280 982 15
280 2572 3
281 340 4
282 2203 6
282 2326 6
282 2417 16
283 1444 12
283 1711 18
284 34 2
284 883 4
285 956 13
285 1438 18
285 1907 14
285 2074 3
286 506 13
286 729 15
286 1997 18
286 2521 17
287 30 15
287 702 7
287 1432 16
288 2232 15
288 2734 12
289 1004 20
289 1423 17
289 2095 15
290 107 6
290 1183 20
290 1692 4
291 1726 16
291 2666 11
291 2733 4
292 43 13
293 2138 10
294 2398 3
295 1422 5
295 2609 19
296 811 2
296 2196 2
297 738 16
297 1407 9
297 1650 4
297 2589 19
298 1508 14
298 2008 3
299 91 18
299 1498 19
300 775 3
300 1640 14
300 2008 19
301 1085 15
301 2097 18
302 1825 10
303 1929 10
304 753 5
304 2345 13
304 2373 13
305 44 8
305 2783 12
306 2258 9
306 2742 13
307 1792 16
308 115 13
308 2276 20
309 415 20
309 418 19
309 1227 7
310 1156 11
310 1568 2
310 2244 4
311 570 15
312 2397 7
313 1798 11
313 2432 9
314 772 2
315 457 19
315 566 9
315 2389 19
316 111 13
316 622 7
316 2146 6
317 633 13
317 2321 7
318 2286 18
319 707 7
320 700 10
320 1295 14
320 2181 2
320 2697 7
321 50 7
321 2349 4
322 1128 11
322 1351 9
322 2132 8
322 2379 15
323 2781 8
324 417 5
324 668 19
325 1787 13
325 2037 14
326 1034 3
326 1058 9
327 630 1
327 1824 4
328 868 9
328 2669 15
329 118 15
329 534 2
330 935 6
330 1685 18
331 866 16
331 2614 17
332 766 18
332 1930 20
333 71 7
333 244 8
334 850 13
334 951 3
334 1264 10
334 1605 7
334 2561 18
335 756 12
335 1609 12
335 2554 10
336 67 11
336 219 8
336 648 3
336 659 20
336 1322 9
336 1480 7
337 1636 3
337 1737 20
338 515 11
338 832 10
338 1272 1
339 663 19
339 741 11
340 59 6
340 281 8
341 1265 10
341 1559 6
342 1145 16
343 524 16
344 1412 1
344 1777 7
345 1679 10
345 2491 2
345 2621 1
346 1704 12
346 2225 18
347 1225 5
347 1888 14
347 2465 11
348 197 1
348 1526 16
349 1554 4
349 2738 15
350 489 16
350 961 18
350 999 12
350 1348 2
350 1515 14
351 1416 6
351 2024 14
351 2042 20
352 1340 17
352 1662 6
352 1938 20
352 2177 4
353 454 1
353 2540 3
354 892 18
354 1101 5
354 1144 6
354 2330 11
355 2777 5
356 1867 9
356 2356 13
356 2468 5
356 2630 16
357 879 2
358 665 14
358 1256 6
359 2647 9
360 29 7
360 63 12
360 1971 8
360 2396 11
361 47 5
361 2021 17
362 2381 1
363 418 12
363 677 10
363 1573 16
364 1444 16
365 1675 1
366 429 4
366 1710 11
366 2193 12
367 638 11
367 704 19
367 1905 7
367 2625 16
368 925 14
368 948 2
368 2673 8
369 559 19
369 2419 14
369 2547 10
370 523 6
370 2453 8
370 2555 10
371 1725 19
371 2691 19
372 41 7
372 2345 13
373 472 8
373 1207 11
374 489 11
374 1056 18
375 1420 12
376 2115 1
377 504 1
377 1092 12
377 1215 6
378 708 2
378 1783 7
379 413 12
379 1936 6
380 1049 19
380 2377 15
381 1027 5
381 2791 8
382 1933 2
383 1920 13
383 2099 10
384 1064 14
384 1694 11
385 170 6
385 643 12
385 971 10
386 600 17
387 1135 10
388 1587 17
388 1833 13
389 1227 1
389 1821 6
390 10 1
390 1492 5
391 2245 2
391 2300 4
392 1384 8
392 1717 16
393 1895 5
394 585 3
394 1903 9
395 1022 11
395 2091 1
395 2188 14
396 1901 8
396 2724 12
397 1615 5
397 2690 4
398 2323 18
399 1415 13
400 991 19
400 1710 13
401 1160 14
401 2617 3
402 166 12
402 595 8
402 1453 16
402 1861 4
403 114 17
403 1848 18
404 1595 16
404 2032 1
405 469 7
405 2709 20
406 34 9
407 454 5
407 2020 10
407 2535 20
408 888 20
409 847 7
409 1180 12
409 1782 16
409 2514 7
410 224 3
410 2080 13
411 2581 9
412 873 12
412 950 2
412 1383 2
413 379 20
413 920 4
413 1776 13
413 2332 1
414 1573 16
415 309 1
415 1295 18
416 480 19
416 1344 12
416 2031 14
416 2202 15
417 324 2
417 571 9
417 2315 10
418 194 15
418 309 3
418 363 9
418 1468 7
418 1662 14
418 2541 7
419 1348 11
419 2402 13
419 2511 1
420 2068 1
420 2269 15
421 2336 6
421 2436 17
422 1828 5
423 902 19
423 2625 1
424 441 15
424 2736 15
425 662 17
425 1767 9
425 2718 8
426 538 3
426 1921 5
427 2086 11
428 148 2
428 2393 18
429 71 17
429 230 12
429 366 16
429 521 10
429 1180 10
430 620 1
430 1005 1
431 905 9
431 2038 17
431 2050 5
432 624 12
432 1363 15
433 459 16
433 960 5
433 1280 9
434 91 8
434 1439 3
434 2080 1
434 2496 9
435 1437 1
435 2129 11
435 2481 3
436 1622 2
436 2467 17
437 1790 18
437 2333 15
437 2600 4
438 1260 1
438 2523 5
439 614 7
439 1328 6
440 2417 10
440 2728 1
441 424 3
441 2526 4
442 617 20
442 895 9
442 1907 3
443 1314 20
443 2769 14
444 15 14
444 2641 8
445 114 17
445 1266 10
446 472 12
446 2230 16
446 2559 4
446 2631 17
447 674 7
447 1747 20
448 733 13
448 1926 18
448 2408 5
449 2385 13
449 2427 3
450 2548 11
450 2567 5
451 255 14
452 2001 20
452 2128 19
453 1324 7
453 1934 10
454 353 6
454 407 6
454 1580 6
455 2554 13
456 2361 8
456 2422 7
456 2658 6
457 315 3
457 725 14
457 969 8
457 1684 11
458 10 15
458 992 20
458 1343 14
459 433 11
459 1670 14
460 825 14
460 1254 8
460 2062 5
461 240 9
461 1283 3
461 1828 11
462 1897 9
463 254 10
464 1023 10
464 1784 14
465 547 15
465 1581 10
466 1128 18
466 1254 18
466 1814 17
466 2415 2
467 1011 12
467 1725 3
468 77 3
468 2344 8
469 405 15
470 2171 16
470 2311 5
471 275 5
471 823 7
472 373 10
472 446 8
473 1348 14
474 217 5
474 1761 17
474 1883 1
475 775 12
475 2017 20
475 2573 12
476 2198 20
477 1213 4
477 1631 5
477 1789 10
477 2507 9
478 262 6
478 592 20
478 2415 16
479 1297 10
479 2605 2
480 416 9
480 1811 2
480 2537 19
481 1199 5
481 1696 6
482 2696 20
483 1154 5
483 1192 9
484 43 12
484 1129 2
485 1391 2
486 67 6
486 1067 6
486 1316 9
486 1761 4
486 2632 11
487 1439 5
487 2650 15
487 2722 10
488 566 8
488 1963 9
488 2003 14
488 2116 4
489 350 16
489 374 3
489 1514 2
490 552 19
491 760 4
491 937 10
492 1651 14
493 1002 16
493 1043 19
493 2252 14
494 2062 20
494 2357 9
494 2747 16
494 2778 11
495 869 9
495 1419 13
495 2379 19
495 2681 2
496 1567 14
497 620 14
497 2258 5
498 1607 12
498 2279 2
498 2319 7
499 1593 8
499 2251 14
500 565 6
500 1900 18
500 2616 15
500 2751 10
501 105 2
502 16 1
502 2183 9
503 621 18
503 2118 13
503 2762 8
504 377 13
505 1087 6
505 1766 1
506 286 17
506 1786 12
507 96 13
507 2418 7
508 98 18
509 1763 13
510 757 2
510 2278 17
510 2460 5
511 1248 17
511 2640 8
512 186 10
512 251 2
512 1053 1
512 1213 16
513 535 15
513 2582 14
514 857 6
514 2178 19
514 2626 20
515 149 4
515 338 17
515 2040 9
515 2374 17
516 1073 13
517 643 7
517 2295 16
518 548 17
518 742 6
518 1434 19
519 769 14
520 2613 3
521 429 2
521 712 20
522 185 9
522 2282 13
523 370 11
524 343 18
524 870 9
525 685 19
526 914 8
527 2450 6
528 1466 12
528 1924 11
529 568 2
529 1017 13
529 1991 6
530 204 11
530 2050 20
531 853 2
532 2223 13
532 2457 17
533 151 3
533 2441 12
533 2533 12
534 329 19
534 2629 10
535 513 13
535 1844 9
535 2004 10
536 734 13
536 1187 14
536 1457 3
536 2261 13
537 269 4
537 821 19
537 1330 9
538 158 12
538 426 4
539 1169 2
540 698 3
540 1997 17
541 9 11
541 1297 9
542 71 5
542 2501 18
543 2161 8
543 2665 20
544 834 14
544 1161 19
544 1776 13
544 2266 7
544 2756 2
545 1081 13
545 1814 3
545 2002 10
545 2272 10
546 1370 20
546 1814 15
547 465 3
547 714 8
547 1964 12
547 2117 16
548 518 17
549 1460 18
549 1955 1
550 19 16
550 979 20
551 1422 6
551 1603 15
552 490 20
552 2756 18
553 887 11
553 1962 20
554 263 8
554 1820 17
555 101 8
555 2319 14
556 1898 4
556 2084 7
557 164 13
557 204 17
558 1577 18
559 369 20
559 1868 15
560 1417 11
560 2548 9
561 1829 4
561 2619 8
562 1394 3
562 1528 7
562 1706 8
563 1112 8
563 1494 11
564 208 1
564 2322 17
565 500 14
565 1489 5
565 2045 12
566 315 8
566 488 4
566 1020 2
567 62 20
567 2438 14
568 529 12
568 1518 10
569 2108 9
570 191 13
570 311 13
571 417 12
572 1889 18
573 193 8
574 1336 2
574 2456 1
575 1131 3
575 1377 17
576 2054 5
576 2656 8
577 220 6
578 112 19
578 1545 9
579 125 2
579 1335 18
580 1010 10
580 1230 19
581 964 16
581 1048 16
582 2300 3
582 2562 12
583 1103 18
583 1982 17
584 1678 3
584 1838 4
584 2096 9
584 2111 12
584 2117 3
584 2738 19
585 394 17
586 2661 5
587 1605 6
587 1766 5
587 2563 11
588 3 3
588 668 4
588 1295 14
589 899 1
589 2700 9
590 2176 7
591 693 16
591 2078 11
592 478 9
592 1948 6
592 2619 8
593 1643 20
594 989 16
594 2684 5
595 402 14
596 27 10
596 691 17
596 1676 5
597 229 13
597 2757 19
598 822 12
598 869 2
598 1571 3
599 1100 7
599 2728 18
600 386 3
600 1225 2
600 1306 2
601 2010 13
601 2547 14
602 666 19
602 1790 13
603 1255 20
603 1710 17
603 2596 11
604 747 9
605 105 18
605 675 18
605 816 14
605 1287 9
605 1912 13
606 2606 17
606 2702 4
607 7 10
607 1262 10
607 1298 6
607 2199 17
608 646 5
608 1796 9
609 117 6
609 1022 19
609 1075 12
610 2711 9
611 881 10
611 898 13
611 1332 18
612 625 14
612 1993 8
612 2094 5
613 1319 6
613 2016 16
614 439 5
614 1779 5
614 1936 11
615 1555 1
615 1990 2
615 2430 19
616 2379 11
617 442 18
617 1733 11
617 1934 10
618 1125 9
618 2335 10
619 1217 19
619 1579 7
620 430 9
620 497 2
620 2582 16
621 503 18
621 845 19
621 1617 20
622 316 5
622 1378 16
622 2719 7
623 209 10
623 1046 1
623 2726 8
624 432 6
624 1730 16
624 1898 4
624 2525 1
625 612 6
625 2134 18
626 974 6
626 1864 14
627 770 18
627 1697 10
628 741 16
628 1189 17
629 255 19
629 783 8
629 1792 5
630 327 14
630 1142 18
630 1156 15
631 1135 4
632 1663 16
633 317 2
633 1297 15
634 931 20
634 1653 11
635 2140 13
635 2172 18
636 1147 15
637 2339 9
637 2602 8
638 367 7
638 678 11
639 1493 7
639 1625 15
640 1278 6
640 1917 9
640 1930 14
641 155 20
641 918 14
642 738 7
642 989 6
642 1489 8
643 385 4
643 517 4
643 1030 15
644 1050 7
644 1250 11
644 1633 5
645 879 1
645 2520 13
646 608 4
646 1116 13
647 1200 13
647 2595 11
648 336 18
648 1292 11
648 2491 13
649 246 16
650 2132 9
651 223 16
651 2027 12
652 1823 9
652 2676 16
653 2428 10
654 683 4
654 1699 1
655 279 7
655 1563 6
656 1456 10
656 1612 8
657 1698 6
657 1979 5
658 165 19
658 222 18
658 1592 19
658 2116 15
659 336 13
659 1775 8
660 1828 12
660 1911 18
660 2290 20
661 986 16
661 1665 16
662 425 15
662 1539 1
662 1969 18
663 339 12
663 1693 14
664 975 20
664 1303 2
664 2239 2
664 2388 9
665 358 12
665 1762 5
665 1913 12
666 602 16
666 1130 8
666 1894 18
667 2377 2
667 2698 19
668 324 17
668 588 6
668 1235 20
668 1616 5
669 1832 9
669 2305 13
669 2309 12
670 923 10
670 2008 16
671 958 2
671 2188 8
672 1773 14
672 2689 15
673 839 19
673 1414 2
674 447 1
674 2488 18
675 605 3
675 818 11
675 1738 2
676 194 12
676 2712 4
677 157 16
677 363 10
678 638 20
678 970 20
679 912 2
680 726 4
680 2276 9
681 946 5
682 1172 16
682 1679 12
682 2254 14
683 654 15
683 717 7
683 2288 4
684 837 8
684 1614 9
684 2471 11
685 248 11
685 525 12
686 28 17
686 976 16
686 2621 14
687 2009 12
687 2296 9
688 2077 18
688 2403 13
689 809 3
690 1944 7
690 2012 8
690 2466 13
691 596 8
691 1654 12
691 2225 9
692 1915 1
693 591 13
693 884 4
694 1708 5
695 2743 2
695 2775 18
696 1350 12
697 238 19
697 2269 20
697 2491 6
698 108 8
698 540 13
698 1676 14
699 17 20
699 1093 20
699 1269 8
699 1999 5
700 320 1
700 858 20
700 1660 5
701 2612 1
702 287 3
702 813 11
703 1900 6
703 2250 3
704 367 5
704 1585 5
704 1721 12
705 2163 14
705 2497 20
706 1211 8
706 2103 9
706 2281 6
706 2515 13
707 319 4
707 1178 11
708 378 17
708 1378 18
709 144 16
709 1502 19
710 1615 19
711 226 4
711 1532 13
712 521 13
712 2173 8
712 2685 14
713 1722 14
713 1779 19
714 547 13
714 2060 13
715 758 20
715 1555 7
715 2138 16
716 1279 12
716 1781 14
716 2096 2
717 683 11
718 892 13
719 777 11
719 824 15
720 1955 2
721 1499 1
721 1840 4
721 1931 11
722 1749 1
722 2513 18
723 1827 13
724 839 2
724 938 15
724 1059 9
724 1222 13
725 457 5
725 1271 15
726 680 18
726 967 13
727 173 3
727 1346 18
727 2443 2
728 1309 19
728 2218 17
729 286 6
729 784 15
729 2216 16
730 888 20
730 1125 9
730 1888 10
730 2501 4
731 1712 20
731 2250 8
732 921 19
732 1360 4
733 448 16
733 1161 2
733 2509 6
734 536 20
735 1775 18
736 1095 3
736 1124 1
736 1752 2
736 2384 1
737 1041 2
737 1588 4
738 297 11
738 642 1
738 1928 10
739 2452 13
740 1275 16
740 1637 16
740 1951 7
741 339 12
741 628 14
741 1738 13
741 2780 17
742 265 16
742 518 20
742 2754 2
743 907 14
743 1252 10
744 1267 13
744 1758 18
745 971 19
746 2284 15
746 2503 6
747 604 9
747 1003 14
748 2393 2
748 2630 6
749 2175 5
749 2320 11
750 983 14
750 998 3
751 1669 11
751 2089 14
752 993 16
752 1963 14
752 2408 18
753 304 20
753 2126 5
753 2773 6
754 272 14
755 252 9
755 1470 4
756 335 17
756 1497 9
756 1512 14
757 510 19
757 2254 15
757 2614 7
758 715 1
758 1600 20
759 1102 8
760 491 12
760 841 12
761 1724 17
761 2530 13
762 1894 11
763 1969 1
764 1345 3
764 2007 19
765 2209 19
766 65 8
766 332 12
766 958 1
766 1745 10
767 962 2
768 2071 20
769 209 18
769 519 2
770 627 3
770 2613 18
771 1774 20
771 2007 4
772 314 20
772 2123 8
773 128 16
773 873 10
774 1837 7
775 300 1
775 475 15
775 1015 14
776 222 8
776 912 8
776 1648 16
777 30 14
777 719 18
777 1610 16
777 2723 4
778 981 1
778 2066 10
779 811 3
779 989 12
780 995 3
780 1617 7
781 1229 4
781 2468 15
782 1960 15
782 2598 16
783 629 10
783 816 10
783 1244 19
783 1968 20
784 729 10
784 2649 9
785 1026 3
785 2449 15
785 2544 17
786 1413 8
786 2144 3
787 1761 1
787 1930 9
788 2559 11
789 1157 8
790 1044 1
790 1310 16
791 1515 1
792 1318 19
792 1836 2
793 176 15
793 1782 3
794 144 4
794 1489 15
794 2630 3
795 829 12
795 2165 2
795 2638 13
796 108 12
796 207 19
796 1272 18
797 2182 17
797 2464 3
798 211 19
798 2028 2
798 2433 15
799 1458 20
799 1794 20
799 2092 12
800 264 18
801 2263 9
802 72 10
802 134 10
803 1484 18
803 2026 4
804 268 15
804 1305 1
804 2229 16
805 239 9
805 858 9
805 1402 2
805 1445 19
805 2317 20
806 1851 16
806 2179 11
807 1289 3
807 1577 13
808 1524 3
808 1870 17
809 689 12
809 2287 14
810 963 4
810 2106 20
811 296 19
811 779 18
812 1841 15
812 2714 4
813 702 9
813 1714 16
814 1156 14
814 2690 17
815 1533 12
815 1656 14
815 1796 6
816 605 5
816 783 16
816 1490 9
816 1815 15
817 2325 3
818 675 3
818 1804 20
818 2055 12
819 188 4
819 247 3
819 900 4
819 2046 10
819 2661 1
820 1162 5
820 1966 3
820 2213 2
821 537 6
821 2264 4
821 2439 9
822 598 2
823 471 7
824 69 20
824 719 3
824 2701 4
825 460 9
825 1480 11
825 1822 10
826 170 18
826 1235 5
826 2620 4
827 156 9
827 1279 5
827 2506 10
828 1459 15
829 795 1
829 2362 15
830 1530 18
831 60 8
831 2361 19
832 165 20
832 338 17
833 839 16
833 1686 8
833 2421 1
834 212 20
834 544 19
834 874 9
835 1906 8
835 2709 15
836 262 20
836 976 9
836 1409 6
837 684 12
837 1232 14
838 50 4
838 169 13
838 885 4
838 1483 17
838 2351 13
839 673 10
839 724 14
839 833 11
839 2357 12
840 1283 19
841 123 19
841 760 15
841 910 9
841 2601 5
842 1696 2
842 2686 20
843 1676 12
844 874 5
844 2016 9
845 162 20
845 621 11
845 1147 7
845 1218 17
845 1321 19
845 1714 20
845 1810 16
846 1672 17
847 409 13
847 885 18
847 2680 6
848 1442 12
848 2029 10
849 2114 14
850 334 4
850 1781 19
851 1124 20
851 1254 9
851 2253 12
852 941 2
852 2328 20
853 531 4
853 1768 9
853 2174 15
854 1027 5
854 2043 1
855 1238 6
855 1873 16
855 1886 11
855 2177 10
856 1238 7
856 1279 6
857 202 13
857 514 2
857 2217 16
858 700 14
858 805 19
858 1010 19
859 1966 5
859 2752 13
860 42 11
861 1349 3
861 2027 16
862 104 17
862 199 4
862 2494 5
863 1528 5
863 2553 20
864 1796 7
864 2539 3
865 87 5
865 1714 3
866 331 1
866 1633 1
866 1860 19
867 1791 9
868 328 13
868 1436 11
869 495 17
869 598 10
870 524 1
870 1748 19
870 1880 19
871 193 14
871 1482 20
872 1967 10
872 2271 12
872 2587 7
873 412 20
873 773 19
873 1244 4
873 1458 18
873 2789 16
874 834 11
874 844 3
874 1392 6
874 1649 6
875 1991 2
875 2166 2
875 2614 7
876 1340 10
876 1681 9
877 1089 11
877 2382 13
878 1609 4
878 2757 11
879 357 15
879 645 1
880 2425 12
880 2468 11
880 2511 12
881 109 10
881 611 14
881 1304 14
881 1806 16
881 2520 7
882 2483 4
883 284 6
883 1757 2
883 2718 18
884 693 3
884 1737 11
885 838 11
885 847 7
885 1223 18
885 1460 9
885 2567 13
886 262 5
886 1182 8
886 1325 1
887 553 19
887 2048 1
888 408 18
888 730 13
888 1624 16
889 214 18
889 2714 12
890 1728 14
890 2190 10
891 211 3
892 354 17
892 718 4
893 1468 10
893 1827 1
893 2344 2
894 977 16
895 442 19
895 1876 19
895 1885 7
895 2220 19
896 1639 9
896 1954 8
897 2021 14
897 2761 14
898 611 15
898 1162 16
898 1677 16
899 589 6
899 2286 15
900 819 18
900 1873 17
901 1453 16
901 1561 9
902 238 9
902 423 16
902 1659 16
903 1334 18
904 2311 20
904 2652 10
905 431 11
905 1544 11
905 2684 13
906 1252 4
906 1627 12
907 743 16
907 1179 14
907 1850 2
908 2029 13
908 2380 15
909 1395 2
909 1937 14
909 2665 12
910 841 2
910 1577 20
910 2371 5
910 2395 5
911 2360 8
911 2758 10
911 2761 20
912 679 19
912 776 8
913 110 4
913 2500 10
914 526 19
914 1096 15
914 1105 4
914 1647 14
914 2302 20
915 1641 5
916 1451 5
916 1874 4
916 2282 3
916 2458 1
917 1525 3
918 641 9
918 1637 2
918 1971 8
919 1332 5
919 1455 15
919 2129 11
920 413 15
920 1544 10
920 2164 12
921 732 17
921 1347 11
921 2479 15
922 1058 10
922 2019 3
922 2087 4
923 13 2
923 670 16
924 1870 9
924 2075 19
924 2415 6
925 368 18
925 2080 6
926 138 15
927 1876 1
927 2577 7
928 2133 14
928 2749 5
929 1283 9
929 2347 18
930 1619 1
930 1715 3
930 2583 12
931 634 19
932 960 18
932 2423 12
932 2555 17
932 2598 11
933 2291 2
934 2041 3
934 2646 15
935 330 13
935 1127 17
936 2484 18
937 197 5
937 491 18
937 2224 15
938 724 6
938 1318 9
938 1410 10
938 2306 11
939 2387 17
940 1505 8
940 2612 12
940 2671 19
941 852 8
941 2779 4
942 1095 19
942 1179 15
943 1228 5
943 2477 19
944 130 14
944 2655 6
945 94 18
945 1506 18
945 2299 10
946 681 13
946 1486 6
947 206 7
947 968 18
947 1182 20
947 2565 17
948 368 17
948 1502 12
949 1068 9
950 412 20
950 1276 16
951 334 4
951 1010 5
951 2429 10
952 213 4
952 1476 14
953 981 12
953 1038 15
954 2094 10
954 2161 9
954 2225 6
955 124 17
955 1084 10
956 285 16
956 1072 19
957 1059 12
957 1071 9
957 2710 16
958 671 8
958 766 7
958 1778 1
959 1788 10
960 433 6
960 932 11
960 1816 17
961 350 5
961 1472 10
961 2186 19
962 203 20
962 767 14
962 1318 17
962 2757 19
963 810 6
963 2636 12
964 581 4
964 1428 3
965 161 12
966 2158 14
966 2368 7
966 2793 18
967 726 13
967 997 15
967 1678 20
968 947 10
968 1713 3
968 1972 16
969 172 10
969 457 11
969 1250 7
970 229 17
970 678 8
970 1129 3
970 2079 3
971 385 5
971 745 11
972 1395 5
972 2680 16
973 1253 6
973 1429 17
973 1820 8
974 626 9
974 1879 13
974 1932 17
975 664 5
975 986 10
975 2135 9
975 2319 12
976 686 3
976 836 8
976 1337 13
976 2419 16
977 894 13
977 1626 7
978 1021 15
978 2743 3
979 39 5
979 550 13
979 1289 2
980 1388 13
980 1409 15
981 107 15
981 778 12
981 953 20
982 280 15
982 1948 14
983 750 6
983 2152 15
983 2584 19
984 1313 17
984 2320 20
984 2579 10
985 1311 13
985 1515 13
986 661 11
986 975 4
986 1647 18
987 1046 1
987 1338 11
988 1513 12
988 2328 3
988 2367 10
989 594 15
989 642 4
989 779 12
989 1060 4
990 184 6
991 131 1
991 400 16
991 1534 18
991 1599 3
992 458 16
992 1628 4
993 96 8
993 752 7
993 1104 1
993 2678 18
994 1317 12
994 2033 17
995 780 12
995 2346 16
995 2773 11
996 1152 3
996 1809 15
997 967 20
997 1173 19
997 1690 19
998 750 10
998 2381 7
998 2750 14
999 129 4
999 350 15
999 1224 13
999 1358 18
999 2012 16
999 2198 20
1000 2156 12
1000 2753 8
1001 101 2
1001 1395 13
1002 493 13
1002 1948 12
1002 2025 13
1003 127 20
1003 747 5
1004 86 19
1004 289 12
1005 430 20
1005 1245 10
1006 1994 7
1007 1309 6
1007 1316 11
1008 1840 3
1009 6 12
1009 161 16
1009 2112 15
1010 580 6
1010 858 19
1010 951 12
1010 2629 8
1011 467 5
1011 2198 9
1011 2326 11
1012 24 11
1013 147 4
1013 1960 12
1014 90 19
1014 2141 8
1015 775 18
1015 1503 1
1016 254 11
1016 1760 8
1017 529 8
1017 1320 10
1017 2372 1
1017 2492 20
1018 1176 8
1018 1646 17
1018 2606 16
1019 2561 5
1020 566 20
1020 2193 7
1021 978 2
1021 2016 6
1022 395 2
1022 609 1
1022 1246 4
1022 2604 5
1023 464 12
1024 65 1
1024 1659 11
1024 2062 2
1025 1972 16
1026 785 6
1026 2116 1
1027 381 6
1027 854 3
1028 118 20
1028 1212 8
1029 1123 10
1029 1988 18
1029 2543 4
1030 643 8
1030 2509 10
1031 2533 20
1031 2658 18
1032 1090 13
1032 1627 3
1032 1909 13
1033 1980 18
1033 2308 7
1034 326 10
1035 4 2
1035 1297 6
1035 1499 10
1036 2064 10
1036 2754 4
1037 120 16
1037 1917 9
1038 953 11
1038 1542 3
1038 1957 6
1039 1492 10
1040 2105 14
1040 2558 9
1041 737 10
1041 1435 1
1042 1746 10
1042 2256 11
1043 493 10
1043 1749 17
1044 790 9
1044 2322 6
1045 1178 4
1045 1497 3
1046 623 15
1046 987 15
1047 164 5
1047 203 12
1047 1587 18
1048 581 10
1049 380 9
1049 1734 14
1050 79 15
1050 106 2
1050 644 2
1050 1996 14
1050 2114 2
1051 26 13
1052 52 19
1052 2524 15
1053 109 15
1053 512 9
1053 2058 2
1054 1190 12
1054 2715 18
1055 1380 5
1056 374 14
1057 2690 13
1058 326 2
1058 922 16
1058 1364 9
1059 724 1
1059 957 13
1060 989 13
1060 2365 7
1061 240 6
1061 1401 7
1061 2242 16
1062 1700 6
1062 2592 11
1063 1594 3
1063 1867 19
1063 2368 10
1064 86 5
1064 384 8
1065 231 19
1065 2206 9
1065 2536 11
1066 1352 19
1066 1626 11
1067 486 10
1067 2168 3
1067 2538 7
1068 949 1
1068 1700 10
1068 1927 6
1068 2097 13
1069 2091 14
1070 1819 1
1070 2085 10
1071 957 1
1071 1300 13
1072 956 18
1073 165 9
1073 516 13
1073 1250 14
1073 1671 13
1074 1100 14
1074 1416 15
1074 1976 11
1075 115 2
1075 609 13
1076 1987 4
1076 2057 10
1076 2224 5
1077 1668 15
1077 1826 1
1077 1959 5
1078 2348 14
1079 1120 9
1079 1366 16
1079 1875 1
1080 84 13
1080 1520 12
1081 545 7
1081 2605 3
1082 1166 14
1082 1668 2
1083 2455 2
1084 955 16
1084 2614 1
1085 301 19
1085 1170 12
1086 1834 6
1086 2704 15
1087 505 2
1087 1875 4
1088 119 12
1089 877 2
1089 1821 14
1090 88 10
1090 1032 8
1090 2252 17
1091 2088 20
1092 377 13
1092 2259 18
1092 2622 13
1093 699 9
1093 2486 12
1094 1181 18
1094 1522 10
1095 736 4
1095 942 2
1095 1355 1
1096 914 19
1096 1502 7
1096 1783 1
1096 1961 8
1096 1983 3
1097 1247 4
1097 1354 13
1097 2713 17
1098 1926 15
1098 2006 13
1098 2473 10
1098 2481 11
1099 2526 13
1100 599 2
1100 1074 19
1101 354 11
1101 2638 12
1101 2654 4
1102 153 7
1102 759 2
1103 583 7
1104 993 8
1104 1295 1
1105 914 20
1105 2404 2
1106 2227 3
1106 2637 20
1107 2128 16
1107 2693 17
1108 1780 4
1108 2260 18
1109 175 14
1109 2627 3
1110 1835 5
1111 1495 4
1111 2615 15
1112 563 16
1112 2051 3
1113 217 9
1114 1195 5
1114 1855 1
1115 1629 12
1115 2125 11
1115 2710 12
1116 189 13
1116 646 5
1117 195 10
1117 2426 12
1118 1548 12
1118 1863 1
1119 1760 14
1119 2678 12
1120 1079 11
1120 1301 10
1120 2124 15
1121 2783 3
1122 1730 2
1123 1029 14
1123 1264 1
1124 186 2
1124 257 12
1124 736 15
1124 851 12
1124 2061 16
1124 2594 3
1125 618 6
1125 730 6
1126 1323 2
1127 935 10
1127 2041 2
1128 322 17
1128 466 16
1128 1313 14
1128 1860 5
1129 484 11
1129 970 7
1129 2150 10
1130 666 16
1130 1172 18
1131 575 4
1131 2467 20
1132 1711 16
1132 2785 11
1133 2143 10
1133 2654 1
1134 2423 13
1135 387 3
1135 631 6
1135 1888 15
1135 2110 7
1136 1214 20
1136 1432 12
1136 2632 17
1137 2545 1
1138 1763 15
1138 2502 18
1139 1169 4
1139 1463 3
1140 217 20
1140 1423 5
1140 1886 2
1141 2657 3
1142 630 10
1142 2407 4
1143 1359 19
1143 1362 9
1144 354 12
1144 1684 15
1144 2046 6
1145 342 16
1145 2500 10
1146 2470 17
1147 636 10
1147 845 6
1147 1231 10
1147 2384 2
1148 2194 8
1149 1399 19
1149 2306 15
1149 2446 3
1150 1278 8
1150 2474 10
1151 1497 2
1151 2422 2
1152 996 18
1153 276 19
1153 2005 15
1154 483 3
1154 2564 1
1155 1506 13
1156 310 5
1156 630 18
1156 814 18
1156 2349 17
1157 789 13
1157 2659 18
1158 210 17
1158 1585 10
1158 1776 12
1159 2325 16
1159 2473 15
1159 2528 18
1160 401 11
1160 2341 8
1161 544 8
1161 733 20
1161 2353 15
1162 152 8
1162 820 15
1162 898 15
1163 206 18
1163 1335 12
1163 1698 6
1164 1776 12
1164 2588 2
1165 1475 1
1165 1726 19
1166 1082 9
1166 1582 20
1167 1996 4
1168 1992 20
1169 539 15
1169 1139 3
1170 3 19
1170 1085 19
1171 1405 15
1171 1552 6
1172 682 19
1172 1130 7
1172 2086 6
1173 997 15
1173 1321 1
1174 1970 18
1175 2048 5
1176 1018 16
1176 2493 3
1177 2298 16
1177 2516 20
1178 707 15
1178 1045 17
1178 1689 15
1179 907 2
1179 942 2
1179 1418 10
1180 409 7
1180 429 2
1180 1375 6
1180 1704 7
1180 1946 16
1181 1094 2
1182 886 4
1182 947 20
1182 1383 20
1183 290 5
1183 2635 17
1184 1733 4
1185 202 2
1185 2573 4
1186 1301 18
1186 1303 4
1187 536 14
1187 2315 14
1188 1835 12
1188 2285 14
1188 2655 4
1189 628 14
1189 1942 2
1190 1054 15
1191 1673 12
1192 483 17
1193 1226 14
1193 1504 8
1193 2657 10
1194 1523 3
1194 1557 5
1195 80 4
1195 136 2
1195 1114 10
1196 1616 6
1197 119 18
1197 2628 8
1198 269 11
1198 2090 16
1199 481 20
1200 647 9
1201 2057 18
1201 2518 4
1202 1388 17
1203 1952 1
1203 2081 19
1204 42 20
1204 2066 11
1205 1257 4
1205 1657 5
1206 197 3
1206 1634 7
1206 1661 4
1207 31 1
1207 373 1
1207 1429 7
1207 2401 8
1208 1591 4
1208 2496 20
1209 1210 13
1209 2251 16
1210 1209 1
1210 1368 7
1210 2495 10
1211 706 2
1211 2054 1
1212 1028 13
1212 1698 20
1212 2331 19
1213 477 13
1213 512 1
1214 33 13
1214 1136 2
1214 1264 19
1215 377 1
1215 1496 7
1215 2432 2
1216 1631 1
1216 2183 9
1217 619 15
1217 2187 4
1218 51 11
1218 845 18
1219 23 20
1219 1984 16
1220 1602 4
1220 2423 5
1221 2413 20
1222 724 14
1222 1888 18
1223 885 20
1223 1236 16
1224 2 13
1224 999 14
1224 1908 18
1225 347 5
1225 600 16
1225 1308 15
1225 2389 13
1226 1193 19
1227 309 19
1227 389 15
1228 943 14
1228 1504 20
1228 1700 2
1229 196 19
1229 781 5
1230 580 3
1231 1147 10
1231 1665 6
1231 2270 16
1231 2518 1
1232 837 11
1232 1575 12
1233 1938 4
1233 2776 12
1234 141 20
1234 1342 7
1234 2281 6
1234 2569 19
1235 668 18
1235 826 10
1235 1664 6
1236 1223 9
1236 1541 11
1237 1540 1
1237 2482 6
1238 855 2
1238 856 10
1238 1442 20
1238 1496 20
1239 2327 16
1239 2561 20
1239 2683 7
1240 1682 18
1240 2275 7
1241 1564 9
1242 1728 2
1242 1739 5
1243 2308 12
1243 2697 7
1244 783 12
1244 873 7
1244 2155 19
1244 2235 4
1245 1005 19
1245 1614 1
1245 2145 12
1246 1022 12
1246 2463 19
1247 1097 4
1247 2046 11
1248 178 17
1248 511 2
1249 241 1
1249 1473 7
1250 644 9
1250 969 19
1250 1073 4
1250 1481 14
1251 1298 6
1252 743 18
1252 906 15
1252 1597 12
1253 973 8
1253 2474 3
1254 460 18
1254 466 16
1254 851 10
1254 2158 17
1255 603 10
1255 2072 19
1255 2093 4
1256 358 7
1257 30 20
1257 1205 11
1257 2595 10
1258 182 10
1258 1757 8
1259 1343 13
1260 438 8
1261 130 12
1262 607 1
1262 2252 14
1263 51 18
1263 1472 1
1263 2252 11
1264 334 5
1264 1123 10
1264 1214 19
1264 2138 15
1265 341 3
1265 1609 20
1266 445 6
1266 2065 3
1267 744 1
1267 1307 6
1268 113 20
1269 699 2
1270 46 19
1270 2367 9
1270 2728 11
1271 725 7
1271 1951 7
1272 338 15
1272 796 6
1272 2434 6
1273 1628 6
1274 1465 10
1274 2342 11
1275 740 8
1275 1905 17
1275 1925 18
1276 241 18
1276 950 16
1276 2190 3
1276 2389 6
1277 118 18
1278 640 14
1278 1150 15
1278 1615 7
1278 2041 11
1279 716 8
1279 827 18
1279 856 5
1280 198 10
1280 433 1
1280 1702 10
1280 2134 19
1281 1481 1
1281 2234 2
1281 2675 14
1282 2532 19
1282 2751 15
1283 461 10
1283 840 1
1283 929 5
1284 122 5
1284 2405 7
1285 1863 16
1285 1970 8
1285 2779 5
1286 1358 12
1286 1611 3
1286 1813 1
1287 259 16
1287 605 3
1288 2600 12
1288 2727 7
1289 807 5
1289 979 3
1289 2586 9
1290 1291 18
1290 2059 11
1290 2186 14
1291 1290 14
1291 2746 16
1292 36 18
1292 648 12
1293 1329 9
1293 1535 11
1293 1844 11
1294 1592 14
1295 320 15
1295 415 6
1295 588 7
1295 1104 14
1296 1857 9
1296 1983 20
1297 479 13
1297 541 15
1297 633 8
1297 1035 16
1297 1891 5
1298 607 14
1298 1251 7
1298 1809 12
1299 1912 13
1300 1071 15
1300 1576 15
1301 1120 17
1301 1186 12
1301 2131 4
1301 2318 10
1302 2645 13
1303 664 14
1303 1186 3
1303 2199 18
1303 2540 17
1304 881 15
1304 1741 1
1304 2618 20
1305 50 12
1305 194 2
1305 804 2
1305 2087 12
1305 2504 4
1306 600 5
1306 2455 1
1307 1267 5
1307 1344 5
1308 89 19
1308 1225 5
1308 1419 13
1309 728 17
1309 1007 17
1310 790 4
1310 1662 14
1311 985 14
1311 1331 19
1312 1856 2
1313 984 15
1313 1128 4
1313 2156 17
1314 443 4
1314 2485 19
1315 2239 6
1315 2323 18
1316 272 16
1316 486 18
1316 1007 19
1317 994 7
1317 1465 14
1317 1659 11
1317 2380 10
1318 792 17
1318 938 1
1318 962 7
1318 1406 16
1319 613 3
1320 1017 17
1320 1989 18
1320 2011 9
1320 2296 9
1321 845 1
1321 1173 2
1321 1902 8
1321 2124 20
1322 336 11
1323 1126 6
1323 1774 6
1324 453 11
1324 1742 16
1325 886 10
1325 1823 15
1326 100 17
1326 1973 6
1327 240 8
1327 1922 13
1328 439 10
1328 1457 2
1329 63 12
1329 1293 12
1329 2248 5
1330 537 20
1331 1311 9
1331 1523 12
1331 2543 4
1332 611 7
1332 919 20
1332 1601 19
1333 2243 10
1334 903 19
1334 2004 20
1334 2117 1
1335 579 4
1335 1163 1
1336 574 11
1336 2178 14
1337 976 2
1338 987 12
1338 2109 3
1339 2536 19
1340 352 10
1340 876 7
1340 2724 16
1341 2424 9
1341 2633 16
1341 2665 7
1342 1234 17
1342 2053 17
1343 458 17
1343 1259 19
1344 416 10
1344 1307 2
1345 764 4
1345 1638 1
1345 2664 12
1346 727 15
1346 1369 20
1346 2205 16
1347 921 16
1347 1937 7
1348 350 5
1348 419 10
1348 473 20
1348 2696 12
1348 2767 1
1349 861 9
1349 2508 20
1350 696 12
1350 1378 10
1351 322 10
1351 2642 12
1352 1066 15
1353 1848 13
1353 2741 4
1354 141 3
1354 1097 14
1354 2212 18
1354 2607 12
1355 1095 1
1355 2467 12
1355 2525 2
1356 1396 10
1356 1478 12
1356 2139 20
1357 2654 16
1357 2703 8
1358 999 4
1358 1286 1
1359 1143 18
1359 1952 18
1360 732 1
1360 1688 8
1360 1914 8
1360 1995 13
1361 201 5
1361 2530 8
1362 1143 2
1362 1923 4
1363 432 1
1363 2266 14
1364 1058 9
1364 1456 12
1365 1680 6
1365 1905 3
1366 1079 3
1366 1458 4
1366 2354 16
1367 2685 12
1367 2759 2
1368 1210 2
1369 1346 18
1369 1752 14
1369 2646 17
1370 546 6
1370 1962 3
1371 2153 7
1372 2427 14
1372 2485 8
1373 20 8
1374 1568 4
1374 2067 6
1375 19 12
1375 1180 1
1375 2200 17
1376 2279 10
1376 2375 9
1377 575 13
1378 622 15
1378 708 4
1378 1350 6
1378 2530 6
1379 66 16
1379 2579 16
1380 1055 7
1380 2247 7
1381 179 20
1381 2649 9
1382 279 6
1382 2191 13
1383 412 9
1383 1182 2
1384 67 10
1384 392 13
1384 2280 19
1385 1685 17
1385 1978 7
1386 1939 4
1386 2297 13
1386 2343 6
1387 1949 16
1388 980 11
1388 1202 8
1389 1967 10
1389 2601 14
1390 1635 7
1390 2590 3
1391 485 3
1391 2388 12
1392 874 4
1392 1491 11
1392 2197 16
1393 1903 4
1393 2144 10
1394 562 8
1394 1643 7
1395 909 17
1395 972 6
1395 1001 14
1395 2339 10
1396 1356 17
1396 2363 1
1397 2214 1
1398 108 12
1398 1683 4
1399 1149 20
1399 1596 13
1399 2773 7
1400 2260 18
1401 26 19
1401 1061 17
1402 805 14
1403 1735 6
1403 2205 4
1404 2412 5
1405 1171 12
1405 1605 3
1406 1318 9
1406 2551 4
1407 297 3
1407 2024 2
1408 153 10
1408 1966 17
1409 142 14
1409 836 3
1409 980 2
1409 1652 18
1409 1910 15
1410 938 5
1410 1552 6
1411 1633 17
1411 1723 13
1412 344 16
1412 1982 12
1413 786 4
1413 1822 19
1414 673 8
1414 2770 8
1415 399 3
1415 2695 8
1416 148 20
1416 351 15
1416 1074 19
1416 2366 2
1417 560 1
1417 2346 6
1417 2559 18
1418 1179 3
1418 2771 1
1419 278 7
1419 495 7
1419 1308 15
1419 2086 20
1420 375 7
1420 1799 7
1421 1658 3
1421 1849 3
1422 83 6
1422 295 10
1422 551 4
1422 1663 1
1423 289 10
1423 1140 19
1423 2315 8
1424 1533 14
1424 2338 4
1425 1590 17
1426 1738 14
1426 2334 9
1427 1973 4
1427 2326 16
1428 964 17
1428 1442 1
1428 2207 1
1429 973 11
1429 1207 1
1429 1487 20
1429 2290 6
1430 1839 12
1430 2669 6
1431 84 9
1432 287 16
1432 1136 17
1433 2272 20
1434 104 8
1434 518 3
1434 1812 4
1435 38 16
1435 1041 8
1436 868 1
1437 207 17
1437 435 6
1437 1864 3
1438 285 1
1438 1889 18
1438 2347 5
1439 434 8
1439 487 14
1439 2107 7
1439 2355 5
1440 1517 12
1441 2589 6
1442 848 17
1442 1238 15
1442 1428 6
1443 1819 15
1443 2110 4
1444 283 1
1444 364 17
1445 805 12
1446 1516 19
1446 1547 3
1446 2055 11
1447 1988 5
1447 2040 11
1448 1572 15
1448 2017 13
1449 111 5
1449 2502 9
1449 2508 18
1450 2004 3
1451 916 20
1452 1859 10
1453 402 13
1453 901 9
1453 1744 13
1453 1748 8
1453 1942 15
1454 1683 6
1454 1731 6
1454 1952 9
1455 919 3
1455 2390 13
1456 656 2
1456 1364 12
1456 1870 8
1457 536 6
1457 1328 16
1458 799 10
1458 873 7
1458 1366 9
1458 1852 6
1459 828 18
1459 2496 3
1460 549 15
1460 885 9
1460 2035 10
1461 54 5
1461 1818 20
1461 1950 14
1462 260 20
1462 1648 6
1463 20 20
1463 1139 5
1463 2507 8
1464 1632 16
1465 1274 15
1465 1317 2
1465 2047 8
1466 528 4
1466 1908 4
1467 1806 13
1467 1957 1
1468 418 5
1468 893 5
1468 2515 13
1469 237 16
1469 2030 15
1469 2330 18
1470 31 14
1470 755 10
1471 1837 1
1471 2264 11
1472 961 7
1472 1263 3
1472 1628 8
1473 1249 6
1474 1814 14
1475 1165 20
1475 1516 6
1475 1966 5
1476 952 10
1476 1621 2
1477 2765 1
1478 1356 10
1478 1959 12
1479 1686 19
1480 336 12
1480 825 16
1480 1740 19
1481 1250 16
1481 1281 1
1482 32 1
1482 871 14
1483 838 12
1483 2216 2
1484 803 2
1484 1520 6
1484 1787 7
1484 1818 4
1485 1737 11
1485 2223 7
1486 946 19
1486 2521 15
1487 1429 14
1488 1993 15
1488 2261 17
1489 565 4
1489 642 5
1489 794 16
1490 816 18
1491 1392 8
1491 2500 10
1492 390 11
1492 1039 4
1493 639 6
1493 2453 2
1494 563 17
1494 2557 2
1495 1111 7
1496 1215 9
1496 1238 12
1497 756 9
1497 1045 15
1497 1151 1
1498 299 16
1498 2331 14
1499 721 11
1499 1035 3
1499 2647 10
1500 2176 15
1500 2787 15
1501 2611 2
1501 2708 9
1502 709 9
1502 948 10
1502 1096 19
1503 1015 10
1504 1193 3
1504 1228 6
1504 1547 12
1505 940 10
1505 2037 20
1506 945 7
1506 1155 18
1506 1844 4
1507 1569 12
1508 298 16
1509 2402 4
1509 2437 4
1510 216 13
1510 1537 11
1510 1772 19
1511 2628 9
1512 756 15
1512 1904 6
1513 988 14
1513 2738 8
1514 489 11
1514 2475 16
1515 350 2
1515 791 14
1515 985 15
1516 1446 9
1516 1475 16
1516 2698 4
1517 203 18
1517 1440 18
1517 2717 17
1518 32 9
1518 568 12
1519 2729 7
1519 2735 3
1520 143 12
1520 1080 12
1520 1484 17
1521 2309 14
1522 1094 14
1522 2069 17
1523 1194 9
1523 1331 11
1523 2166 20
1523 2306 6
1524 808 16
1524 2256 6
1525 78 9
1525 917 10
1526 348 8
1526 2781 16
1527 2649 3
1527 2782 12
1528 562 16
1528 863 5
1529 2457 13
1529 2553 14
1529 2679 16
1530 830 19
1530 1556 13
1531 1645 8
1531 2022 5
1532 711 19
1532 2011 7
1533 815 17
1533 1424 17
1534 142 14
1534 253 15
1534 991 10
1535 1293 17
1535 2770 19
1536 2259 2
1536 2588 2
1537 1510 18
1537 2500 8
1538 228 6
1538 2298 17
1539 662 13
1540 1237 12
1540 2506 7
1541 137 12
1541 1236 19
1542 1038 8
1543 1757 5
1543 2086 6
1544 110 7
1544 905 17
1544 920 19
1544 1623 5
1545 68 12
1545 578 9
1545 2226 3
1546 264 14
1546 2518 17
1547 1446 3
1547 1504 14
1548 247 5
1548 1118 13
1548 2586 9
1549 1641 13
1549 1834 7
1550 1940 7
1550 2088 16
1551 180 10
1551 2758 14
1552 1171 8
1552 1410 7
1552 2660 2
1553 168 13
1553 2648 2
1554 349 3
1554 1729 7
1555 615 11
1555 715 8
1555 2449 18
1556 7 7
1556 1530 1
1556 2069 18
1557 1194 12
1558 2029 4
1558 2357 2
1559 341 19
1559 1834 1
1560 2774 19
1561 901 6
1561 2052 7
1562 1913 11
1562 2624 8
1563 655 9
1564 1241 15
1564 1989 9
1565 2451 8
1566 1914 12
1567 496 17
1567 1841 7
1568 310 20
1568 1374 10
1568 1735 11
1568 2478 20
1569 141 12
1569 1507 12
1569 2283 19
1570 2263 6
1570 2787 18
1571 598 19
1571 2687 17
1572 1448 16
1572 2203 13
1572 2583 14
1572 2692 16
1573 363 5
1573 414 17
1574 89 7
1574 1806 3
1575 1232 3
1576 204 19
1576 1300 17
1576 1985 4
1577 558 6
1577 807 16
1577 910 15
1577 2538 2
1578 1897 3
1578 2193 19
1579 267 16
1579 619 7
1579 2537 7
1580 212 19
1580 454 2
1581 465 16
1582 1166 10
1583 187 15
1584 2309 18
1585 704 1
1585 1158 8
1586 2151 9
1586 2226 15
1587 388 13
1587 1047 13
1587 1910 10
1587 2318 12
1588 737 6
1589 1655 12
1590 232 13
1590 1425 5
1590 2411 8
1591 1208 3
1592 658 9
1592 1294 18
1592 2755 5
1593 499 13
1593 1660 15
1594 1063 12
1594 2341 7
1595 54 5
1595 404 15
1596 1399 18
1597 1252 4
1597 2658 16
1598 1945 9
1599 228 12
1599 991 11
1599 2177 13
1600 758 13
1601 1332 6
1601 1765 4
1601 1867 15
1602 1220 17
1603 551 6
1603 2105 13
1604 1621 14
1604 1802 11
1605 334 18
1605 587 11
1605 1405 7
1606 2170 6
1607 498 20
1607 2359 3
1607 2396 17
1608 2236 1
1609 335 13
1609 878 7
1609 1265 10
1609 1691 7
1610 777 13
1610 2248 19
1610 2357 12
1611 1286 14
1612 656 15
1612 1639 8
1612 2585 7
1612 2622 10
1613 2409 1
1614 684 7
1614 1245 9
1615 397 17
1615 710 19
1615 1278 15
1616 668 3
1616 1196 3
1616 2154 11
1617 621 18
1617 780 5
1618 2262 2
1619 87 1
1619 930 4
1619 1849 17
1620 159 4
1621 1476 12
1621 1604 2
1622 436 11
1622 2202 12
1622 2291 2
1623 1544 18
1623 1863 13
1624 888 15
1625 639 7
1625 2574 17
1626 977 5
1626 1066 14
1626 2180 2
1627 906 20
1627 1032 14
1628 992 7
1628 1273 16
1628 1472 12
1629 109 2
1629 1115 4
1629 2385 19
1629 2634 12
1630 163 20
1630 2035 9
1630 2413 11
1631 11 3
1631 477 12
1631 1216 5
1632 1464 11
1632 2734 13
1633 127 9
1633 644 3
1633 866 12
1633 1411 13
1634 1206 18
1634 1878 8
1635 1390 10
1635 2290 2
1635 2790 5
1636 337 18
1636 1805 12
1637 740 12
1637 918 14
1638 1345 16
1638 2639 17
1639 167 7
1639 896 1
1639 1612 12
1640 95 12
1640 300 13
1641 915 3
1641 1549 3
1641 2301 20
1642 1965 12
1642 2551 12
1643 593 10
1643 1394 6
1644 277 14
1644 2459 4
1645 1531 9
1645 2328 17
1646 1018 4
1646 2140 13
1647 914 6
1647 986 16
1648 776 3
1648 1462 14
1648 2677 20
1649 874 20
1650 164 4
1650 297 1
1651 245 4
1651 492 9
1651 2317 9
1652 1409 19
1652 2645 8
1653 634 3
1653 2374 17
1654 691 14
1655 1589 2
1655 2440 17
1656 247 2
1656 815 15
1657 1205 2
1657 2064 12
1658 198 6
1658 1421 19
1658 1957 18
1659 902 16
1659 1024 19
1659 1317 15
1659 1855 10
1660 700 16
1660 1593 7
1661 1206 4
1661 2509 20
1662 352 9
1662 418 10
1662 1310 6
1662 2210 9
1663 632 17
1663 1422 5
1664 1235 3
1665 661 16
1665 1231 5
1666 2487 19
1667 1935 3
1667 2117 5
1667 2231 5
1668 1077 3
1668 1082 13
1668 2532 16
1669 751 9
1669 1865 9
1670 459 14
1670 1856 4
1671 1073 2
1671 2211 17
1672 14 20
1672 846 4
1672 1705 17
1673 61 15
1673 1191 15
1674 56 20
1674 2379 16
1675 365 13
1675 1963 20
1676 596 1
1676 698 1
1676 843 6
1676 1890 9
1677 898 15
1678 584 3
1678 967 8
1679 345 13
1679 682 9
1680 65 9
1680 1365 15
1681 89 3
1681 876 19
1682 1240 4
1683 1398 2
1683 1454 13
1684 457 4
1684 1144 15
1684 1749 18
1684 1937 1
1684 2556 2
1685 330 4
1685 1385 7
1686 833 2
1686 1479 9
1687 1739 15
1688 147 16
1688 1360 16
1688 2506 9
1688 2560 14
1689 1178 17
1689 2738 10
1690 997 3
1691 1609 16
1691 2477 10
1692 45 5
1692 290 5
1692 2571 14
1693 663 13
1693 2444 14
1693 2561 18
1694 384 16
1695 65 19
1695 1971 3
1695 2420 2
1696 481 10
1696 842 14
1696 2403 15
1697 126 15
1697 627 8
1697 2692 4
1698 657 4
1698 1163 3
1698 1212 10
1698 2004 6
1698 2577 16
1699 654 13
1699 2363 2
1700 1062 16
1700 1068 18
1700 1228 7
1701 139 12
1701 1744 14
1702 1280 14
1702 2126 8
1703 239 11
1703 1945 16
1704 166 12
1704 346 13
1704 1180 5
1705 1672 4
1705 2191 14
1706 562 2
1706 1960 1
1706 2737 19
1707 1803 5
1708 160 16
1708 694 15
1709 2253 18
1709 2462 5
1710 366 2
1710 400 14
1710 603 4
1710 1711 12
1711 283 7
1711 1132 18
1711 1710 2
1711 1986 17
1712 731 2
1713 968 18
1713 2685 3
1714 813 8
1714 845 9
1714 865 1
1714 2532 10
1715 930 15
1715 1922 17
1715 2063 3
1716 2344 6
1716 2371 9
1717 392 11
1717 2018 18
1718 1838 19
1718 2414 14
1719 2191 11
1720 131 17
1721 704 18
1722 713 15
1722 1847 8
1723 1411 3
1723 2747 11
1724 761 19
1725 371 5
1725 467 11
1726 133 10
1726 291 2
1726 1165 6
1727 261 6
1727 2294 17
1728 890 1
1728 1242 3
1729 1554 20
1729 2543 3
1730 624 12
1730 1122 5
1731 1454 2
1732 51 1
1732 2159 17
1733 617 2
1733 1184 6
1734 1049 20
1734 1767 11
1735 247 2
1735 1403 10
1735 1568 6
1736 1874 18
1736 2740 18
1737 337 6
1737 884 20
1737 1485 9
1738 235 12
1738 675 13
1738 741 18
1738 1426 19
1739 1242 11
1739 1687 12
1740 1480 9
1740 2232 2
1740 2314 4
1741 1304 7
1741 1884 20
1741 2315 11
1742 85 12
1742 1324 6
1743 2327 5
1744 1453 3
1744 1701 2
1745 766 11
1745 1990 7
1746 1042 8
1746 2139 8
1747 447 1
1747 2597 2
1748 870 9
1748 1453 3
1749 722 13
1749 1043 15
1749 1684 17
1749 1818 13
1749 2623 3
1750 1943 2
1750 2277 3
1751 2616 1
1751 2672 7
1752 736 1
1752 1369 3
1752 1800 6
1753 1854 2
1753 2788 3
1754 2173 16
1755 2589 7
1756 1886 1
1757 883 2
1757 1258 2
1757 1543 2
1758 744 14
1758 2789 6
1759 2010 18
1759 2450 17
1760 1016 8
1760 1119 2
1761 474 1
1761 486 1
1761 787 2
1762 71 7
1762 665 14
1762 1914 3
1762 2124 9
1763 509 3
1763 1138 9
1764 2042 2
1765 1601 10
1766 505 8
1766 587 12
1766 2353 4
1766 2718 1
1767 425 3
1767 1734 12
1768 853 12
1769 218 12
1770 2005 5
1771 1878 8
1771 2355 11
1772 1510 7
1772 2294 13
1773 672 3
1773 2398 18
1774 771 12
1774 1323 5
1774 2078 18
1775 659 19
1775 735 17
1776 413 9
1776 544 20
1776 1158 17
1776 1164 18
1777 344 16
1777 2661 10
1778 958 10
1779 96 3
1779 614 1
1779 713 8
1780 1108 15
1780 2316 4
1781 716 12
1781 850 13
1782 409 16
1782 793 7
1782 2077 11
1782 2127 14
1782 2224 14
1783 378 19
1783 1096 5
1784 464 7
1784 2513 13
1785 2637 3
1786 506 2
1786 2125 9
1786 2400 20
1787 187 13
1787 325 20
1787 1484 9
1787 1796 2
1787 1854 13
1788 9 2
1788 959 9
1788 2185 14
1789 477 12
1789 2101 5
1790 437 17
1790 602 17
1790 2706 9
1791 92 6
1791 867 5
1792 307 20
1792 629 3
1792 2388 7
1793 2356 6
1793 2575 5
1794 799 4
1794 2137 4
1795 1932 4
1796 608 13
1796 815 15
1796 864 19
1796 1787 4
1796 2286 6
1796 2410 1
1797 205 12
1798 313 6
1798 1826 3
1799 1420 20
1799 2152 18
1799 2712 3
1800 1752 8
1800 2529 18
1801 38 16
1801 2167 11
1802 1604 3
1802 1899 6
1802 1965 7
1803 1707 12
1803 2405 10
1804 818 13
1804 2365 5
1804 2503 17
1804 2568 15
1805 192 17
1805 1636 12
1805 2210 9
1806 881 11
1806 1467 9
1806 1574 9
1806 2733 1
1807 145 7
1807 213 18
1808 2428 9
1808 2778 12
1809 996 2
1809 1298 20
1810 845 3
1810 2073 7
1810 2384 15
1811 480 14
1812 1434 9
1812 2566 6
1813 61 11
1813 1286 14
1813 2581 17
1814 466 16
1814 545 6
1814 546 5
1814 1474 8
1815 816 20
1816 960 8
1816 1880 7
1817 2045 3
1817 2222 5
1818 1461 18
1818 1484 4
1818 1749 5
1818 1908 14
1819 1070 13
1819 1443 18
1820 554 19
1820 973 7
1820 2111 10
1821 205 6
1821 389 8
1821 1089 19
1822 825 2
1822 1413 14
1823 652 3
1823 1325 9
1824 116 11
1824 327 20
1824 2084 16
1825 302 7
1825 1986 6
1825 2528 12
1826 230 6
1826 1077 6
1826 1798 16
1826 1949 10
1827 723 16
1827 893 13
1827 2505 7
1828 422 15
1828 461 7
1828 660 17
1828 2296 12
1829 33 2
1829 561 17
1830 2474 3
1831 2462 9
1831 2519 2
1832 669 2
1832 2023 19
1832 2497 16
1833 388 2
1833 2014 14
1834 1086 13
1834 1549 2
1834 1559 14
1835 1110 13
1835 1188 14
1836 792 8
1837 238 14
1837 774 5
1837 1471 20
1838 584 15
1838 1718 7
1839 1430 20
1839 2406 19
1840 107 18
1840 721 15
1840 1008 10
1840 2042 7
1841 812 19
1841 1567 12
1842 1996 1
1842 2497 11
1843 2471 3
1843 2733 11
1844 535 18
1844 1293 1
1844 1506 6
1844 2610 14
1845 223 3
1845 2332 10
1846 2406 19
1847 1722 10
1848 403 10
1848 1353 3
1849 1421 13
1849 1619 19
1850 12 19
1850 907 20
1851 806 19
1851 2425 17
1852 8 6
1852 1458 15
1853 2386 10
1853 2725 16
1854 1753 8
1854 1787 12
1855 1114 9
1855 1659 4
1856 1312 19
1856 1670 3
1857 1296 18
1858 2556 13
1859 1452 19
1859 2460 4
1860 866 4
1860 1128 6
1861 190 16
1861 402 10
1862 265 9
1863 1118 3
1863 1285 7
1863 1623 20
1864 626 10
1864 1437 13
1865 1669 3
1865 2398 16
1865 2792 5
1866 2552 1
1866 2608 1
1867 356 19
1867 1063 18
1867 1601 3
1868 215 5
1868 559 17
1868 2083 18
1869 1880 9
1870 808 5
1870 924 12
1870 1456 5
1870 2478 8
1871 2592 6
1872 2343 4
1872 2445 14
1873 855 7
1873 900 7
1873 2448 17
1874 916 4
1874 1736 14
1875 1079 3
1875 1087 13
1875 2074 5
1876 895 9
1876 927 20
1876 2034 7
1876 2443 16
1877 2201 2
1878 1634 17
1878 1771 6
1879 79 13
1879 974 9
1880 870 12
1880 1816 10
1880 1869 15
1881 2410 6
1881 2476 10
1882 2224 13
1883 474 10
1883 2168 18
1883 2708 4
1884 1741 19
1885 895 3
1885 1949 17
1886 855 6
1886 1140 3
1886 1756 8
1887 233 16
1888 347 4
1888 730 20
1888 1135 9
1888 1222 16
1889 572 10
1889 1438 8
1889 2029 1
1889 2401 10
1890 1676 5
1890 2505 10
1891 1297 18
1891 2247 6
1892 1904 4
1892 2570 12
1893 2484 8
1893 2512 9
1894 666 10
1894 762 1
1894 2108 20
1895 393 18
1895 2184 8
1896 2119 5
1896 2545 2
1897 462 4
1897 1578 6
1898 556 12
1898 624 6
1899 1802 13
1899 2398 7
1899 2437 1
1900 154 17
1900 500 3
1900 703 2
1901 396 19
1901 1992 14
1902 1321 18
1903 394 20
1903 1393 16
1904 1512 6
1904 1892 2
1905 367 8
1905 1275 14
1905 1365 18
1905 2313 19
1906 835 9
1907 285 12
1907 442 5
1908 1224 8
1908 1466 14
1908 1818 7
1908 2387 10
1909 1032 6
1909 2644 9
1910 140 19
1910 1409 1
1910 1587 20
1910 2753 18
1911 660 6
1911 2043 16
1912 243 20
1912 605 20
1912 1299 15
1912 2702 10
1913 250 13
1913 665 8
1913 1562 10
1913 2380 10
1913 2385 18
1914 1360 3
1914 1566 19
1914 1762 10
1915 692 6
1915 2521 18
1916 2771 20
1917 640 20
1917 1037 8
1918 2157 3
1918 2441 14
1919 2364 6
1920 383 5
1920 1943 8
1921 257 7
1921 426 3
1922 1327 20
1922 1715 19
1923 1362 15
1923 2262 1
1924 528 11
1924 2180 10
1925 1275 7
1926 448 9
1926 1098 15
1927 1068 15
1927 2147 5
1927 2397 8
1928 143 10
1928 201 16
1928 738 1
1929 303 16
1929 2793 20
1930 332 13
1930 640 4
1930 787 15
1930 2686 15
1931 721 12
1931 2519 7
1932 175 1
1932 974 15
1932 1795 9
1933 382 15
1933 2103 8
1933 2391 5
1934 453 15
1934 617 20
1935 1667 2
1935 2122 17
1936 379 9
1936 614 4
1937 909 13
1937 1347 6
1937 1684 2
1938 352 1
1938 1233 2
1938 2092 12
1939 229 5
1939 1386 6
1940 102 10
1940 1550 1
1941 64 19
1942 1189 20
1942 1453 20
1943 1750 15
1943 1920 17
1943 2270 1
1944 690 13
1944 1998 16
1944 2431 1
1945 1598 9
1945 1703 6
1946 1180 20
1947 249 5
1948 592 9
1948 982 18
1948 1002 19
1949 1387 10
1949 1826 13
1949 1885 19
1949 2714 14
1950 1461 20
1950 2352 3
1951 740 1
1951 1271 16
1952 1203 4
1952 1359 7
1952 1454 20
1953 2149 6
1954 896 11
1954 2348 17
1955 549 2
1955 720 6
1955 2710 6
1956 1989 12
1956 2203 5
1957 1038 12
1957 1467 4
1957 1658 4
1957 1992 14
1958 2694 18
1959 88 5
1959 1077 1
1959 1478 1
1960 782 10
1960 1013 10
1960 1706 19
1960 2048 2
1961 1096 8
1961 2223 19
1961 2760 1
1962 553 20
1962 1370 3
1962 2611 2
1963 488 8
1963 752 16
1963 1675 5
1964 547 14
1965 1642 10
1965 1802 9
1966 820 3
1966 859 11
1966 1408 18
1966 1475 6
1966 2671 15
1967 137 14
1967 872 14
1967 1389 14
1968 783 5
1968 2506 6
1969 662 19
1969 763 2
1969 2320 13
1970 1174 14
1970 1285 15
1971 162 14
1971 360 4
1971 918 20
1971 1695 15
1972 250 6
1972 968 5
1972 1025 6
1973 1326 7
1973 1427 13
1973 2393 16
1974 2013 19
1974 2452 17
1975 2153 12
1975 2434 13
1975 2439 2
1976 199 9
1976 1074 10
1976 2255 18
1977 2303 10
1977 2653 17
1978 181 16
1978 1385 20
1979 657 1
1979 2358 5
1980 1033 4
1980 2226 16
1980 2287 20
1981 116 9
1981 2715 15
1982 583 16
1982 1412 2
1983 1096 2
1983 1296 19
1983 2512 14
1984 274 6
1984 1219 18
1985 216 8
1985 1576 8
1985 2192 1
1986 1711 8
1986 1825 2
1987 1076 9
1988 1029 14
1988 1447 14
1989 1320 10
1989 1564 3
1989 1956 19
1990 615 19
1990 1745 16
1991 529 13
1991 875 7
1992 1168 8
1992 1901 2
1992 1957 2
1992 2215 3
1992 2520 7
1993 71 10
1993 612 13
1993 1488 4
1993 2479 3
1994 1006 2
1994 2508 4
1995 1360 4
1996 1050 6
1996 1167 11
1996 1842 14
1997 83 14
1997 286 15
1997 540 18
1998 1944 2
1998 2113 13
1999 699 16
1999 2012 19
2000 234 19
2001 452 14
2002 545 20
2002 2035 10
2002 2318 4
2003 488 4
2003 2505 2
2004 535 10
2004 1334 5
2004 1450 12
2004 1698 3
2005 1153 2
2005 1770 18
2006 1098 7
2006 2082 6
2006 2120 9
2006 2323 11
2007 764 16
2007 771 10
2007 2328 5
2008 298 6
2008 300 13
2008 670 18
2009 687 19
2010 601 13
2010 1759 7
2011 1320 12
2011 1532 6
2012 690 1
2012 999 18
2012 1999 2
2013 56 15
2013 1974 3
2014 266 18
2014 1833 8
2015 2443 10
2016 613 4
2016 844 7
2016 1021 1
2016 2207 15
2017 475 18
2017 1448 9
2018 235 14
2018 1717 14
2019 922 20
2019 2115 6
2020 407 4
2021 361 9
2021 897 16
2021 2408 1
2022 1531 13
2023 1832 7
2023 2723 17
2024 351 12
2024 1407 20
2025 65 9
2025 1002 15
2026 803 20
2027 651 8
2027 861 11
2028 798 8
2028 2763 7
2029 848 11
2029 908 20
2029 1558 16
2029 1889 7
2030 1469 11
2030 2340 20
2030 2370 2
2031 416 6
2032 404 4
2033 994 2
2034 124 20
2034 168 4
2034 1876 8
2035 1460 2
2035 1630 10
2035 2002 18
2036 2446 14
2037 325 7
2037 1505 6
2038 70 16
2038 431 2
2039 2273 3
2039 2409 11
2040 515 12
2040 1447 6
2041 934 16
2041 1127 6
2041 1278 19
2041 2437 7
2042 351 11
2042 1764 15
2042 1840 13
2042 2425 9
2043 854 1
2043 1911 6
2044 2113 10
2045 565 1
2045 1817 17
2046 819 1
2046 1144 5
2046 1247 15
2047 191 16
2047 1465 6
2048 887 9
2048 1175 2
2048 1960 10
2049 2324 19
2049 2603 16
2050 431 8
2050 530 16
2050 2057 4
2051 1112 20
2052 1561 12
2053 1342 19
2054 576 6
2054 1211 4
2055 818 13
2055 1446 2
2056 2531 14
2056 2623 15
2057 1076 3
2057 1201 4
2057 2050 4
2058 1053 2
2059 1290 7
2059 2412 4
2060 714 13
2060 2625 14
2061 19 20
2061 1124 17
2061 2744 19
2062 72 1
2062 460 13
2062 494 9
2062 1024 1
2063 1715 1
2063 2081 3
2063 2149 13
2064 1036 17
2064 1657 16
2065 1266 2
2066 778 4
2066 1204 8
2067 45 10
2067 227 17
2067 1374 8
2068 420 2
2068 2473 14
2069 1522 2
2069 1556 9
2070 135 11
2070 2424 18
2071 768 11
2071 2185 1
2072 58 6
2072 1255 19
2073 1810 16
2073 2230 13
2074 285 9
2074 1875 12
2075 36 11
2075 924 10
2075 2666 12
2076 2213 6
2076 2601 8
2077 688 3
2077 1782 6
2077 2110 9
2078 591 1
2078 1774 11
2078 2562 18
2079 970 12
2079 2221 8
2080 410 7
2080 434 3
2080 925 18
2081 55 18
2081 1203 8
2081 2063 10
2082 2006 7
2082 2148 9
2083 1868 17
2084 556 15
2084 1824 17
2085 1070 11
2086 427 13
2086 1172 16
2086 1419 18
2086 1543 16
2087 106 13
2087 922 15
2087 1305 8
2088 1091 16
2088 1550 16
2089 751 7
2089 2233 6
2090 58 18
2090 1198 9
2090 2640 9
2091 395 20
2091 1069 5
2092 124 8
2092 799 7
2092 1938 14
2093 1255 6
2094 612 7
2094 954 5
2095 289 1
2095 2120 16
2095 2590 16
2096 584 10
2096 716 9
2096 2444 15
2097 301 13
2097 1068 10
2098 2340 20
2099 103 17
2099 383 1
2100 158 9
2100 2707 13
2101 1789 5
2101 2167 3
2102 122 6
2102 2295 20
2102 2394 9
2103 243 18
2103 706 12
2103 1933 11
2104 148 3
2104 270 13
2105 1040 19
2105 1603 5
2106 810 12
2106 2522 15
2107 227 15
2107 1439 4
2108 569 9
2108 1894 2
2109 1338 1
2109 2399 3
2110 1135 6
2110 1443 2
2110 2077 8
2111 584 15
2111 1820 15
2111 2210 16
2112 1009 17
2113 1998 2
2113 2044 9
2114 849 20
2114 1050 6
2115 376 1
2115 2019 13
2116 488 2
2116 658 20
2116 1026 12
2116 2174 13
2117 547 4
2117 584 15
2117 1334 19
2117 1667 12
2118 29 17
2118 503 1
2119 123 17
2119 1896 15
2119 2313 11
2120 2006 9
2120 2095 6
2121 2278 17
2122 1935 12
2122 2766 16
2123 772 11
2123 2176 1
2124 1120 7
2124 1321 20
2124 1762 8
2125 1115 12
2125 1786 9
2126 753 15
2126 1702 1
2127 1782 20
2128 452 9
2128 1107 6
2129 126 4
2129 435 6
2129 919 11
2129 2426 8
2130 2350 15
2131 1301 10
2131 2728 14
2132 322 19
2132 650 9
2133 58 16
2133 928 6
2134 625 13
2134 1280 12
2135 975 9
2136 138 13
2137 1794 14
2138 293 5
2138 715 7
2138 1264 16
2139 1356 14
2139 1746 13
2140 635 8
2140 1646 1
2141 1014 11
2141 2207 6
2142 2215 13
2142 2304 6
2143 1133 3
2144 3 11
2144 786 1
2144 1393 12
2145 1245 12
2146 316 13
2147 1927 7
2147 2455 20
2148 24 5
2148 2082 8
2149 1953 10
2149 2063 11
2150 1129 14
2151 128 15
2151 1586 12
2152 983 3
2152 1799 3
2153 1371 4
2153 1975 10
2153 2391 1
2154 1616 2
2155 1244 14
2156 1000 8
2156 1313 2
2157 125 20
2157 1918 1
2157 2248 19
2158 966 8
2158 1254 11
2158 2644 1
2159 152 5
2159 1732 9
2159 2580 17
2159 2694 11
2160 218 2
2160 2790 10
2161 543 19
2161 954 4
2162 2530 16
2163 705 12
2164 920 7
2164 2641 12
2165 172 17
2165 795 3
2166 875 13
2166 1523 7
2167 1801 6
2167 2101 16
2168 1067 18
2168 1883 4
2169 210 11
2169 2282 11
2170 1606 20
2170 2351 7
2171 470 8
2171 2683 16
2172 635 1
2173 712 12
2173 1754 15
2174 853 10
2174 2116 19
2175 749 1
2175 2223 9
2175 2531 15
2176 590 1
2176 1500 10
2176 2123 11
2177 352 11
2177 855 16
2177 1599 11
2178 514 8
2178 1336 13
2179 806 17
2180 1626 16
2180 1924 11
2181 320 17
2182 797 11
2182 2481 16
2183 502 3
2183 1216 20
2184 1895 18
2184 2761 12
2185 1788 5
2185 2071 2
2186 961 5
2186 1290 19
2186 2290 20
2187 1217 20
2188 395 3
2188 671 12
2189 2368 10
2190 890 2
2190 1276 9
2191 1382 12
2191 1705 2
2191 1719 15
2192 1985 4
2193 366 8
2193 1020 3
2193 1578 17
2194 1148 7
2194 2699 16
2195 2407 10
2196 296 12
2196 2463 12
2197 1392 9
2197 2523 14
2198 476 9
2198 999 1
2198 1011 19
2199 607 8
2199 1303 14
2200 1375 1
2201 1877 15
2201 2664 15
2202 416 10
2202 1622 4
2202 2653 18
2203 282 1
2203 1572 17
2203 1956 8
2204 261 14
2205 1346 10
2205 1403 17
2205 2647 19
2206 51 18
2206 1065 14
2206 2576 1
2207 1428 6
2207 2016 7
2207 2141 15
2208 2381 10
2209 203 16
2209 765 15
2210 1662 13
2210 1805 13
2210 2111 17
2211 1671 13
2212 1354 12
2212 2270 14
2213 820 14
2213 2076 4
2214 1397 10
2214 2700 17
2215 1992 18
2215 2142 3
2216 729 16
2216 1483 12
2216 2517 16
2217 857 13
2217 2682 10
2217 2764 13
2218 728 5
2219 221 15
2219 2254 6
2219 2681 11
2220 221 4
2220 895 17
2221 2079 10
2222 1817 19
2223 532 6
2223 1485 15
2223 1961 6
2223 2175 19
2224 937 18
2224 1076 10
2224 1782 12
2224 1882 14
2225 346 3
2225 691 4
2225 954 7
2226 1545 18
2226 1586 16
2226 1980 14
2227 1106 12
2227 2681 20
2228 218 14
2228 2314 15
2229 152 1
2229 219 3
2229 804 14
2230 446 15
2230 2073 19
2230 2287 18
2231 26 10
2231 198 9
2231 1667 1
2232 288 8
2232 1740 11
2232 2345 15
2233 2089 1
2234 1281 5
2235 93 17
2235 176 11
2235 1244 9
2236 1608 9
2236 2664 5
2237 2274 16
2237 2660 2
2238 246 11
2238 2585 13
2239 664 7
2239 1315 14
2240 224 12
2241 48 15
2241 2670 8
2242 1061 15
2243 16 12
2243 1333 5
2244 310 15
2244 2507 10
2245 391 8
2246 2752 6
2247 1380 9
2247 1891 7
2248 1329 17
2248 1610 1
2248 2157 20
2249 0 20
2249 2624 1
2250 703 4
2250 731 7
2251 499 19
2251 1209 1
2252 493 11
2252 1090 9
2252 1262 1
2252 1263 6
2253 851 17
2253 1709 8
2254 682 5
2254 757 11
2254 2219 13
2255 1976 1
2255 2529 9
2256 1042 2
2256 1524 17
2256 2721 5
2257 2392 10
2257 2667 2
2258 306 12
2258 497 12
2259 121 2
2259 1092 15
2259 1536 7
2260 1108 3
2260 1400 17
2261 536 9
2261 1488 11
2262 53 8
2262 1618 5
2262 1923 16
2263 801 12
2263 1570 1
2263 2274 17
2264 821 9
2264 1471 18
2265 99 3
2265 2347 20
2266 544 5
2266 1363 7
2266 2278 12
2266 2403 13
2267 2668 1
2268 174 4
2269 420 11
2269 697 7
2270 110 11
2270 1231 1
2270 1943 20
2270 2212 10
2271 872 6
2271 2540 17
2271 2560 1
2272 545 13
2272 1433 9
2273 2039 16
2273 2329 20
2274 2237 15
2274 2263 20
2275 1240 14
2275 2321 1
2276 308 19
2276 680 11
2276 2370 6
2277 1750 17
2277 2293 2
2277 2730 18
2278 510 3
2278 2121 1
2278 2266 11
2279 498 1
2279 1376 11
2280 1384 5
2281 706 4
2281 1234 4
2281 2472 7
2281 2712 8
2282 522 12
2282 916 9
2282 2169 17
2283 67 15
2283 1569 12
2284 746 7
2285 1188 17
2286 318 4
2286 899 17
2286 1796 15
2287 78 2
2287 809 8
2287 1980 20
2287 2230 8
2288 683 3
2289 75 5
2289 2730 10
2290 660 12
2290 1429 3
2290 1635 6
2290 2186 13
2291 933 15
2291 1622 1
2292 250 9
2293 2277 20
2293 2514 7
2294 1727 13
2294 1772 10
2295 517 11
2295 2102 19
2296 687 6
2296 1320 5
2296 1828 9
2297 1386 15
2298 1177 3
2298 1538 8
2299 5 16
2299 945 17
2300 391 16
2300 582 3
2301 1641 9
2302 914 5
2303 225 13
2303 1977 20
2304 2142 10
2305 31 9
2305 669 14
2306 938 14
2306 1149 2
2306 1523 17
2307 2436 3
2308 1033 10
2308 1243 9
2309 669 12
2309 1521 11
2309 1584 7
2310 2617 18
2311 470 6
2311 904 16
2312 2415 17
2312 2476 1
2313 270 9
2313 1905 15
2313 2119 1
2314 1740 17
2314 2228 17
2315 417 3
2315 1187 3
2315 1423 9
2315 1741 18
2316 186 4
2316 1780 6
2317 259 11
2317 805 11
2317 1651 12
2318 1301 4
2318 1587 19
2318 2002 1
2319 498 16
2319 555 10
2319 975 2
2319 2485 10
2320 749 4
2320 984 2
2320 1969 20
2321 317 5
2321 2275 11
2322 564 20
2322 1044 13
2323 398 1
2323 1315 11
2323 2006 4
2324 2049 8
2325 49 10
2325 261 5
2325 817 5
2325 1159 15
2326 282 17
2326 1011 6
2326 1427 11
2327 1239 2
2327 1743 14
2328 852 14
2328 988 10
2328 1645 7
2328 2007 19
2329 113 2
2329 2273 12
2330 97 7
2330 354 5
2330 1469 19
2331 1212 4
2331 1498 17
2332 413 9
2332 1845 2
2332 2409 3
2332 2782 5
2333 437 2
2334 1426 3
2335 618 11
2336 421 13
2336 2622 3
2337 181 18
2338 1424 12
2338 2544 10
2339 637 11
2339 1395 19
2340 2030 12
2340 2098 3
2341 1160 3
2341 1594 3
2342 1274 1
2343 1386 13
2343 1872 5
2344 83 17
2344 468 11
2344 893 19
2344 1716 1
2345 304 2
2345 372 8
2345 2232 9
2346 995 11
2346 1417 11
2347 929 12
2347 1438 7
2347 2265 13
2348 1078 6
2348 1954 6
2349 321 11
2349 1156 3
2350 2130 1
2350 2629 16
2351 838 16
2351 2170 19
2351 2426 15
2352 1950 12
2353 1161 4
2353 1766 2
2354 1366 19
2355 1439 20
2355 1771 12
2356 33 18
2356 356 2
2356 1793 20
2356 2634 10
2357 494 17
2357 839 19
2357 1558 11
2357 1610 11
2358 1979 6
2358 2501 12
2358 2704 16
2359 44 11
2359 1607 8
2360 911 6
2361 456 7
2361 831 20
2362 829 4
2363 1396 19
2363 1699 12
2363 2448 11
2364 1919 18
2364 2755 13
2365 1060 12
2365 1804 20
2366 1416 3
2367 988 17
2367 1270 15
2368 966 10
2368 1063 1
2368 2189 7
2369 0 2
2369 2489 11
2370 2030 9
2370 2276 13
2371 910 8
2371 1716 14
2372 1017 14
2373 304 9
2373 2376 13
2373 2595 13
2374 100 16
2374 515 20
2374 1653 8
2375 1376 8
2376 46 18
2376 2373 11
2376 2433 3
2377 380 6
2377 667 7
2378 185 19
2378 239 9
2379 322 15
2379 495 4
2379 616 5
2379 1674 20
2380 908 6
2380 1317 10
2380 1913 12
2381 362 9
2381 998 18
2381 2208 3
2382 877 13
2383 16 9
2383 184 17
2384 150 13
2384 736 8
2384 1147 5
2384 1810 4
2385 449 13
2385 1629 8
2385 1913 9
2386 1853 2
2386 2663 13
2387 939 3
2387 1908 3
2387 2649 6
2388 664 14
2388 1391 4
2388 1792 3
2389 315 17
2389 1225 20
2389 1276 19
2389 2593 16
2390 1455 2
2391 1933 9
2391 2153 17
2392 2257 15
2393 428 2
2393 748 12
2393 1973 4
2394 2102 16
2395 910 2
2396 360 13
2396 1607 9
2396 2559 13
2396 2609 19
2396 2765 11
2397 312 16
2397 1927 6
2398 294 12
2398 1773 11
2398 1865 6
2398 1899 10
2399 2109 19
2400 248 10
2400 1786 17
2401 1207 17
2401 1889 4
2402 419 17
2402 1509 8
2403 688 10
2403 1696 7
2403 2266 17
2403 2610 18
2404 1105 18
2405 1284 2
2405 1803 6
2405 2568 9
2406 275 3
2406 1839 16
2406 1846 8
2407 76 15
2407 1142 4
2407 2195 4
2408 448 16
2408 752 16
2408 2021 19
2409 1613 7
2409 2039 2
2409 2332 18
2410 265 10
2410 1796 11
2410 1881 10
2411 1590 14
2411 2527 10
2411 2688 3
2412 1404 7
2412 2059 17
2413 1221 8
2413 1630 13
2414 1718 12
2414 2480 13
2415 251 12
2415 260 11
2415 466 8
2415 478 12
2415 924 16
2415 2312 18
2416 2431 15
2417 282 1
2417 440 11
2418 507 11
2419 369 2
2419 976 20
2419 2464 9
2420 1695 1
2420 2737 14
2421 833 19
2421 2627 13
2421 2736 16
2422 456 16
2422 1151 13
2422 2711 19
2423 932 19
2423 1134 14
2423 1220 18
2424 1341 5
2424 2070 2
2425 880 1
2425 1851 18
2425 2042 19
2426 1117 6
2426 2129 11
2426 2351 9
2426 2780 12
2427 9 12
2427 449 18
2427 1372 6
2428 653 6
2428 1808 7
2429 951 15
2430 615 7
2430 2690 9
2431 1944 14
2431 2416 14
2432 7 9
2432 313 3
2432 1215 17
2432 2557 16
2433 798 8
2433 2376 10
2434 1272 5
2434 1975 8
2435 2673 14
2436 421 18
2436 2307 6
2436 2586 1
2437 1509 12
2437 1899 11
2437 2041 15
2438 567 14
2439 183 12
2439 821 1
2439 1975 17
2440 1655 3
2440 2441 6
2441 533 7
2441 1918 12
2441 2440 17
2442 73 18
2443 727 20
2443 1876 11
2443 2015 6
2444 1693 12
2444 2096 2
2445 1872 12
2446 1149 18
2446 2036 17
2447 48 20
2448 1873 4
2448 2363 6
2449 785 13
2449 1555 13
2450 527 2
2450 1759 7
2451 1565 2
2451 2658 10
2452 739 11
2452 1974 7
2453 370 19
2453 1493 11
2454 36 14
2454 120 1
2454 2606 9
2455 94 16
2455 1083 8
2455 1306 5
2455 2147 18
2455 2470 13
2456 574 10
2457 532 8
2457 1529 9
2458 916 17
2458 2599 13
2459 6 15
2459 1644 16
2460 510 10
2460 1859 5
2460 2777 7
2461 1 13
2462 1709 13
2462 1831 15
2463 1246 6
2463 2196 2
2464 797 10
2464 2419 6
2465 347 14
2465 2584 4
2466 690 7
2467 436 3
2467 1131 13
2467 1355 12
2468 356 13
2468 781 10
2468 880 18
2469 159 3
2469 196 20
2470 1146 16
2470 2455 18
2471 684 3
2471 1843 12
2471 2569 19
2472 2281 12
2473 200 17
2473 1098 1
2473 1159 11
2473 2068 18
2473 2719 19
2474 1150 15
2474 1253 8
2474 1830 19
2475 28 13
2475 200 12
2475 1514 2
2475 2603 2
2475 2732 7
2476 1881 9
2476 2312 10
2477 943 10
2477 1691 15
2478 1568 8
2478 1870 12
2479 921 9
2479 1993 6
2480 2414 5
2481 435 3
2481 1098 13
2481 2182 8
2482 22 20
2482 1237 15
2482 2528 18
2483 233 16
2483 882 5
2484 936 13
2484 1893 10
2485 1314 11
2485 1372 5
2485 2319 14
2486 154 7
2486 1093 6
2487 70 2
2487 1666 2
2488 26 3
2488 674 14
2489 2369 11
2490 2525 1
2490 2732 8
2491 345 9
2491 648 2
2491 697 12
2492 1017 6
2492 2678 7
2493 1176 17
2493 2643 12
2494 862 8
2494 2495 1
2495 1210 4
2495 2494 10
2496 434 14
2496 1208 14
2496 1459 17
2497 9 9
2497 705 5
2497 1832 17
2497 1842 8
2498 46 2
2499 74 12
2500 913 6
2500 1145 10
2500 1491 5
2500 1537 16
2501 187 4
2501 260 11
2501 542 12
2501 730 15
2501 2358 15
2502 1138 9
2502 1449 18
2503 76 15
2503 746 5
2503 1804 1
2504 1305 11
2505 1827 2
2505 1890 13
2505 2003 15
2506 827 3
2506 1540 15
2506 1688 9
2506 1968 19
2507 14 10
2507 477 10
2507 1463 10
2507 2244 14
2508 1349 19
2508 1449 19
2508 1994 17
2509 733 3
2509 1030 10
2509 1661 12
2510 2598 4
2511 419 15
2511 880 17
2512 1893 18
2512 1983 13
2513 722 9
2513 1784 16
2514 409 14
2514 2293 13
2515 64 13
2515 706 2
2515 1468 20
2516 1177 3
2517 2216 13
2518 57 11
2518 1201 16
2518 1231 6
2518 1546 5
2519 1831 14
2519 1931 18
2520 645 10
2520 881 7
2520 1992 20
2521 286 4
2521 1486 17
2521 1915 8
2522 2106 3
2523 438 17
2523 2197 14
2524 1052 6
2524 2623 20
2525 624 2
2525 1355 20
2525 2490 15
2526 441 11
2526 1099 15
2527 2411 17
2527 2764 7
2528 1159 6
2528 1825 8
2528 2482 16
2528 2655 14
2529 1800 17
2529 2255 14
2530 761 15
2530 1361 3
2530 1378 11
2530 2162 15
2531 174 10
2531 2056 18
2531 2175 12
2532 1282 13
2532 1668 11
2532 1714 12
2532 2670 16
2532 2723 5
2533 533 1
2533 1031 6
2534 180 3
2535 220 3
2535 407 8
2536 1065 17
2536 1339 16
2537 258 19
2537 480 19
2537 1579 13
2537 2615 7
2538 1067 19
2538 1577 18
2539 864 14
2540 353 11
2540 1303 6
2540 2271 2
2541 418 16
2542 2749 11
2543 1029 19
2543 1331 19
2543 1729 20
2544 785 17
2544 2338 20
2545 1137 11
2545 1896 5
2546 256 7
2547 369 19
2547 601 17
2548 450 20
2548 560 8
2549 17 13
2549 25 4
2550 136 10
2551 1406 4
2551 1642 19
2552 215 4
2552 1866 3
2553 92 5
2553 863 7
2553 1529 15
2554 335 3
2554 455 17
2555 370 9
2555 932 10
2556 1684 16
2556 1858 10
2557 1494 4
2557 2432 13
2558 1040 18
2558 2779 3
2559 446 16
2559 788 13
2559 1417 3
2559 2396 12
2560 1688 6
2560 2271 10
2561 334 8
2561 1019 6
2561 1239 10
2561 1693 8
2562 582 14
2562 2078 8
2563 587 2
2564 1154 13
2564 2629 6
2565 947 2
2566 22 2
2566 1812 2
2567 450 16
2567 885 18
2568 1804 6
2568 2405 6
2569 1234 3
2569 2471 10
2570 1892 12
2571 1692 10
2571 2768 14
2572 194 8
2572 280 12
2573 102 15
2573 475 12
2573 1185 17
2574 1625 8
2575 1793 13
2576 2206 7
2577 98 19
2577 927 15
2577 1698 10
2578 228 17
2579 232 15
2579 984 1
2579 1379 6
2580 2159 9
2581 411 20
2581 1813 20
2582 513 6
2582 620 19
2583 165 9
2583 240 10
2583 930 11
2583 1572 9
2584 983 3
2584 2465 18
2585 1612 2
2585 2238 16
2586 1289 17
2586 1548 12
2586 2436 15
2587 872 17
2588 1164 12
2588 1536 16
2589 297 10
2589 1441 8
2589 1755 19
2590 1390 1
2590 2095 11
2591 74 12
2592 1062 16
2592 1871 3
2592 2628 1
2593 6 19
2593 237 11
2593 2389 20
2594 1124 15
2595 647 17
2595 1257 10
2595 2373 1
2596 603 6
2597 62 3
2597 220 19
2597 1747 10
2598 782 5
2598 932 2
2598 2510 12
2599 129 2
2599 2458 12
2600 437 11
2600 1288 13
2601 841 16
2601 1389 13
2601 2076 11
2602 637 2
2603 2049 6
2603 2475 7
2603 2659 10
2604 1022 6
2605 479 16
2605 1081 2
2605 2660 11
2606 606 10
2606 1018 15
2606 2454 7
2607 1354 7
2607 2712 8
2608 1866 16
2608 2631 8
2609 295 5
2609 2396 2
2610 1844 7
2610 2403 10
2610 2699 13
2611 1501 3
2611 1962 7
2612 701 12
2612 940 3
2613 520 9
2613 770 11
2614 331 1
2614 757 9
2614 875 5
2614 1084 13
2615 1111 7
2615 2537 19
2615 2695 2
2616 500 8
2616 1751 14
2617 401 5
2617 2310 19
2618 1304 15
2619 561 20
2619 592 7
2620 826 8
2620 2671 17
2621 345 14
2621 686 11
2622 1092 19
2622 1612 13
2622 2336 9
2623 1749 7
2623 2056 18
2623 2524 2
2624 274 17
2624 1562 14
2624 2249 12
2625 367 16
2625 423 14
2625 2060 14
2626 514 9
2627 1109 11
2627 2421 11
2628 1197 10
2628 1511 18
2628 2592 12
2629 534 8
2629 1010 15
2629 2350 1
2629 2564 2
2630 356 19
2630 748 18
2630 794 7
2631 446 13
2631 2608 1
2632 486 17
2632 1136 18
2633 1341 4
2634 1629 4
2634 2356 9
2635 102 19
2635 1183 17
2636 111 4
2636 963 8
2637 1106 1
2637 1785 16
2638 795 2
2638 1101 20
2639 1638 3
2640 511 6
2640 2090 15
2641 444 11
2641 2164 5
2642 1351 19
2643 2493 5
2644 1909 17
2644 2158 17
2645 1302 9
2645 1652 11
2646 934 17
2646 1369 14
2647 359 4
2647 1499 1
2647 2205 19
2648 83 12
2648 1553 3
2649 784 16
2649 1381 17
2649 1527 17
2649 2387 5
2650 487 7
2651 277 9
2652 904 13
2652 2662 19
2653 1977 17
2653 2202 1
2654 1101 4
2654 1133 11
2654 1357 10
2655 264 4
2655 944 2
2655 1188 1
2655 2528 13
2656 576 17
2657 1141 12
2657 1193 14
2658 82 19
2658 456 19
2658 1031 19
2658 1597 18
2658 2451 9
2659 1157 12
2659 2603 8
2660 1552 9
2660 2237 16
2660 2605 9
2661 169 12
2661 586 11
2661 819 7
2661 1777 18
2662 2652 2
2663 2386 20
2664 1345 5
2664 2201 6
2664 2236 13
2665 102 16
2665 543 8
2665 909 8
2665 1341 18
2666 291 12
2666 2075 19
2667 189 15
2667 2257 3
2668 2267 17
2668 2713 13
2669 328 4
2669 1430 3
2670 2241 16
2670 2532 2
2671 940 15
2671 1966 10
2671 2620 11
2672 18 5
2672 59 3
2672 1751 15
2673 92 6
2673 368 6
2673 2435 10
2674 11 13
2675 50 15
2675 156 9
2675 194 9
2675 1281 15
2676 652 11
2677 234 6
2677 1648 2
2678 993 9
2678 1119 1
2678 2492 2
2679 1529 3
2679 2705 13
2679 2739 12
2680 847 14
2680 972 2
2681 495 18
2681 2219 19
2681 2227 20
2682 2217 5
2683 1239 9
2683 2171 13
2684 594 10
2684 905 10
2685 712 17
2685 1367 18
2685 1713 2
2686 85 16
2686 842 20
2686 1930 7
2687 1571 20
2688 2411 5
2689 672 14
2690 397 20
2690 814 19
2690 1057 11
2690 2430 20
2691 177 18
2691 371 2
2692 1572 14
2692 1697 9
2693 169 1
2693 1107 14
2694 1958 20
2694 2159 7
2694 2716 6
2695 1415 19
2695 2615 10
2696 258 6
2696 482 9
2696 1348 19
2697 320 6
2697 1243 18
2697 2789 20
2698 667 14
2698 1516 20
2699 2194 4
2699 2610 8
2700 589 11
2700 2214 7
2700 2770 5
2701 94 5
2701 824 14
2702 606 16
2702 1912 11
2703 1357 17
2703 2745 14
2704 225 7
2704 1086 15
2704 2358 5
2705 2679 9
2705 2772 18
2706 1790 9
2707 2100 7
2708 167 15
2708 1501 13
2708 1883 9
2709 405 4
2709 835 20
2709 2781 18
2710 957 6
2710 1115 2
2710 1955 8
2711 135 14
2711 610 9
2711 2422 16
2712 676 10
2712 1799 3
2712 2281 10
2712 2607 2
2713 1097 4
2713 2668 15
2713 2717 8
2714 812 18
2714 889 18
2714 1949 10
2715 1054 17
2715 1981 19
2716 2694 11
2717 1517 8
2717 2713 7
2718 425 17
2718 883 2
2718 1766 13
2719 622 9
2719 2473 1
2720 271 17
2721 234 9
2721 2256 16
2722 487 20
2723 777 1
2723 2023 10
2723 2532 4
2724 396 18
2724 1340 20
2725 66 10
2725 1853 1
2726 170 17
2726 623 18
2727 1288 7
2728 440 7
2728 599 19
2728 1270 19
2728 2131 20
2729 94 17
2729 1519 7
2730 2277 4
2730 2289 11
2731 39 15
2732 154 1
2732 2475 4
2732 2490 9
2733 291 18
2733 1806 8
2733 1843 18
2734 288 1
2734 1632 19
2735 1519 5
2736 424 3
2736 2421 9
2737 1706 6
2737 2420 8
2738 349 7
2738 584 11
2738 1513 7
2738 1689 16
2739 2679 3
2740 252 19
2740 1736 9
2741 140 19
2741 1353 10
2742 306 20
2743 695 13
2743 978 9
2744 2061 19
2745 267 19
2745 2703 14
2746 1291 10
2747 494 15
2747 1723 5
2748 69 10
2749 928 10
2749 2542 17
2750 998 11
2751 500 10
2751 1282 7
2752 859 17
2752 2246 3
2753 1000 15
2753 1910 5
2754 742 12
2754 1036 5
2755 1592 15
2755 2364 20
2756 544 8
2756 552 11
2757 597 5
2757 878 18
2757 962 2
2758 911 8
2758 1551 11
2759 233 13
2759 1367 16
2760 1961 9
2761 897 5
2761 911 16
2761 2184 5
2762 207 9
2762 503 17
2763 2028 10
2763 2785 17
2764 2217 20
2764 2527 10
2765 1477 9
2765 2396 20
2766 141 4
2766 2122 9
2767 1348 11
2768 2571 8
2769 443 1
2770 1414 10
2770 1535 14
2770 2700 19
2771 1418 1
2771 1916 9
2772 2705 19
2773 753 13
2773 995 6
2773 1399 7
2774 185 12
2774 1560 10
2775 276 3
2775 695 1
2776 1233 11
2777 5 12
2777 355 3
2777 2460 4
2778 494 7
2778 1808 4
2779 941 12
2779 1285 3
2779 2558 11
2780 741 13
2780 2426 19
2781 323 8
2781 1526 19
2781 2709 13
2782 1527 13
2782 2332 6
2783 305 2
2783 1121 12
2784 159 4
2785 1132 20
2785 2763 18
2786 136 3
2787 1500 2
2787 1570 16
2788 1753 15
2789 873 6
2789 1758 19
2789 2697 2
2790 1635 8
2790 2160 13
2791 273 14
2791 381 9
2792 1865 20
2793 966 11
2793 1929 18
